+16996
+17268
+19258
+19272
+14746
+19608
+15908
+11448
+17060
-2100
+1258
+3374
+948
+5256
+8146
+9178
+12128
+11584
+4874
+4668
+3086
+2042
+8572
+9806
+4912
+1956
+5142
+4908
+6748
-308
-4296
-674
-6760
-3166
+2434
+3824
+5854
+3402
-4518
+5000
+8116
+9870
+12486
+13084
+11836
+12850
+10348
+9362
+10370
+12406
+14098
+14738
+19782
+16232
+19812
+17810
+16036
+14018
+12314
+18156
+21126
+19188
+19992
+21474
+16996
+17268
+19258
+19272
+14746
+19608
+15908
+11448
+17060
+14784
+13578
+16634
+17946
+18142
+16994
+14478
+15228
+20156
+25310
+24674
+29782
+33186
+31396
+32552
+34858
+28936
+29576
+32182
+25268
+26272
+33396
+28616
+19562
+20696
+30442
+30150
+33868
+35902
+31300
+25844
+23396
+25870
+35276
+36940
+36460
+31862
+29026
+30288
+33930
+28718
+20214
+21722
+21466
+25330
+26614
+31364
+33992
+33844
+31816
+31534
+32870
+28758
+26136
+23110
+23408
+23050
+36446
+36552
+30974
+31888
+33636
+30150
+30716
+37392
+34940
+44846
+44784
+41024
+40924
+39604
+40576
+40150
+42470
+41916
+43536
+43076
+42476
+44772
+42302
+41142
+43620
+44694
+47696
+48448
+44644
+41996
+39486
+37440
+41636
+47386
+49334
+47028
+47320
+48360
+47704
+50748
+53242
+48442
+51162
+49682
+47124
+46670
+43494
+44108
+45698
+45974
+44570
+45940
+40936
+40406
+39442
+39278
+33348
+31662
+32154
+36236
+32046
+28508
+31814
+37800
+44902
+49054
+46776
+42510
+39618
+36218
-28570
-156432
-289058
-390780
-345624
-269388
-176486
-70734
-58738
-58484
-50254
-9042
+70252
+145942
+238950
+312724
+387174
+473884
+555326
+671908
+784072
+874780
+934592
+918042
+851402
+754530
+662942
+565342
+447590
+306126
+150346
+1944
-131162
-233382
-302154
-367566
-426486
-505878
-602372
-713130
-816334
-888228
-932062
-929682
-895580
-868466
-917004
-1054606
-1212914
-1303544
-1213708
-1031426
-819942
-612852
-490426
-403784
-292176
-125212
+84024
+299134
+548554
+856532
+1162118
+1411906
+1494936
+1439134
+1384364
+1332848
+1364098
+1449784
+1497622
+1464214
+1326366
+1057492
+664218
+248016
-84564
-196674
-161182
-92250
-44280
-133088
-296752
-346932
-244880
-32178
+136298
+151680
+121310
+46178
-23570
-27918
-78952
-261552
-559428
-849706
-966096
-881162
-741820
-547090
-376400
-247892
-109182
+11608
+31390
-75558
-163680
-223652
-232654
-194798
-183746
-210464
-262930
-306434
-309218
-264440
-170000
-51780
+87878
+202256
+225032
+191506
+94908
-35364
-115288
-141548
-111252
-45898
+31800
+113354
+207028
+272152
+302274
+317058
+309494
+317966
+354578
+427046
+514054
+581998
+608854
+599726
+535364
+433326
+306636
+172940
+63916
+1754
-25612
-18510
-3444
-1380
-13094
-54576
-85326
-95460
-86100
-65050
-43742
-26352
-41594
-88286
-155712
-213814
-258926
-271088
-248268
-222938
-197552
-182436
-181636
-163994
-131152
-96320
-74590
-66476
-55018
-26204
+2424
+35086
+58542
+56030
+52310
+62222
+75162
+73562
+40716
+9390
-16594
-23956
+2068
+49638
+107986
+136228
+150580
+158120
+139622
+122592
+125240
+137484
+140846
+123230
+102130
+99740
+102722
+123354
+151070
+132358
+49160
-4536
-38050
-29128
+34586
+61730
+70956
+54786
+10606
+15646
+47484
+78266
+71574
+25538
-3934
+2974
+38486
+55078
+6140
-79030
-151616
-222320
-240986
-233812
-216780
-201728
-212744
-218860
-217106
-206400
-171832
-140840
-110770
-76728
-29846
+22550
+72296
+60114
+35484
+67102
+63384
+114138
+168358
+198602
+199198
+103760
+31174
+30934
+48344
+97680
+158718
+159834
+146864
+108664
+94828
+158836
+226636
+303196
+288038
+259720
+271790
+240396
+208900
+182872
+107710
+32632
-26564
-43720
-28088
-32112
-52744
-93312
-172210
-249340
-285650
-280042
-264920
-210978
-154348
-132972
-120004
-114902
-77468
-73018
-111306
-94824
-87118
-49410
+26498
+64162
+42880
-43784
-174146
-255178
-208810
-110104
+15776
+136152
+190082
+101196
+25352
+22618
+9922
+115410
+178392
+185280
+191648
+125736
+138850
+153788
+41146
-93840
-139720
-121268
-4720
+90608
+108810
+59112
-76778
-120216
-37468
+42454
+73502
+76316
+626
-31006
-53466
-71460
+19436
+19196
-33206
-16064
-12162
+22768
+102484
+132406
+201912
+227246
+194380
+139500
+10158
-61758
-111158
-120402
-83422
-57214
-84012
-104698
-89588
-74882
-40958
-26038
-22686
-4140
+61126
+95126
+93620
+61272
-33924
-95896
-139232
-134216
-132952
-173816
-179128
-156874
-102558
-41856
-5166
-12330
-66614
-100098
-75930
-30044
+9398
+36116
+16888
-40148
-94752
-111168
-67138
+12436
+82406
+143210
+151996
+110230
+85094
+74032
+73850
+100498
+144162
+166672
+161776
+116392
+65622
+21670
-8202
-22662
-38174
-70932
-85852
-85380
-108058
-127304
-143932
-150428
-123006
-99808
-91332
-117506
-168584
-207042
-214906
-180328
-110488
-29012
+19062
+31736
+27560
-18594
-53398
-74420
-64338
-23886
+20342
+52682
+70700
+72138
+42212
+15456
+9494
+18288
+57956
+96896
+108860
+109278
+83682
+54946
+43294
+38622
+38060
+46000
+63274
+39598
-23412
-81120
-133576
-148614
-126180
-99292
-89038
-98738
-113914
-131864
-154246
-156968
-126068
-83614
-60152
-59558
-59596
-43940
-32980
-344
+42030
+56958
+28704
-13734
-70956
-127764
-146406
-140010
-127994
-106562
-87682
-74328
-62478
-59948
-35806
-3852
+36486
+88500
+126726
+138552
+124272
+98686
+81690
+68476
+56496
+50496
+31396
+18206
+11934
+7032
-392
-10266
-6168
+7106
+41272
+74664
+90490
+72300
+38746
+850
-38520
-77794
-109848
-123318
-136398
-154242
-169954
-172238
-165202
-147226
-127448
-112930
-120052
-139584
-161330
-180432
-177972
-154960
-128672
-117818
-123972
-139256
-151488
-157980
-143026
-104736
-59374
-12172
+26326
+48450
+56110
+52448
+24498
+9340
-2432
-5718
-6168
-9118
-13858
-29182
-31672
-22900
-466
+7904
+4686
-7632
-18602
-19064
-4200
+16686
+11994
-3016
-23598
-38984
-45208
-37692
-23576
-7358
-9726
-22062
-33218
-47224
-38824
-25456
-11006
+12000
+29626
+41002
+45104
+32644
+4738
-46180
-101790
-120118
-97778
-65006
-28924
-18550
-26226
-59230
-98628
-125056
-136250
-132970
-140568
-154654
-163992
-172202
-166764
-159462
-144772
-126602
-103900
-92146
-97306
-112290
-127750
-134750
-116738
-99070
-77336
-63222
-77686
-107884
-149468
-182822
-182036
-164164
-123682
-68700
-35206
-13282
-1498
+25430
+47984
+74656
+90616
+83922
+71256
+78026
+101694
+120966
+124828
+107956
+77674
+53646
+62352
+85100
+91102
+91610
+96610
+97162
+98980
+104702
+103262
+79536
+37800
+1794
-27010
-46120
-66794
-90596
-130720
-191852
-226982
-262996
-271444
-251152
-233734
-205636
-203262
-198704
-184660
-174614
-149188
-104758
-83782
-78192
-67192
-34958
+22266
+63214
+77616
+59342
+11046
-28888
-54462
-74966
-72738
-67494
-66984
-63624
-53628
-39836
-43972
-65890
-91774
-89882
-80092
-58032
-20846
-12616
-26170
-47678
-60802
-47528
-19352
+9304
+14098
+8392
+6374
+17070
+33928
+53594
+74218
+88174
+103414
+118996
+143428
+142906
+137738
+134644
+131996
+140368
+142868
+144766
+139562
+120062
+98608
+65322
+26606
-4272
-32710
-65510
-119512
-160608
-184032
-194180
-170530
-147464
-132880
-139590
-170000
-194068
-197822
-181248
-157348
-127414
-106748
-99130
-102330
-104190
-96230
-75602
-59168
-52174
-38670
-33080
-26280
-6244
+10482
+26466
+47926
+47276
+48334
+59570
+87738
+131818
+162610
+179686
+178714
+174378
+167468
+163428
+138374
+97872
+54202
+24912
+20026
+26112
+30200
+6852
-31404
-67990
-77138
-69268
-50474
-22930
-6376
+4978
+5814
-15700
-39084
-67530
-77494
-74742
-65286
-49920
-40526
-37574
-43016
-44326
-50760
-63216
-74850
-83634
-73460
-58570
-48424
-24902
+1084
+23642
+25204
+8446
-15038
-36454
-36518
-13398
+28930
+68018
+95918
+99582
+80058
+62556
+55436
+45872
+32588
+28006
+27408
+30446
+44714
+59458
+66876
+62548
+59138
+47200
+43598
+45168
+43436
+52732
+67204
+80568
+82856
+88734
+101014
+96126
+76988
+48920
+24924
+7726
+16508
+40950
+62656
+69112
+52670
+22102
-6740
-17806
-7888
+6312
+13606
+596
-19718
-31392
-30500
-22704
-12610
-13408
-13426
-30738
-39996
-41300
-24716
+4122
+19158
+23600
+3784
-15756
-23674
-15172
-1322
+25312
+51058
+82052
+102410
+106046
+98924
+85924
+65028
+52702
+58294
+72258
+95284
+98218
+90228
+63776
+42838
+22956
+14646
+28278
+41566
+49152
+46584
+41520
+25626
+20076
+21732
+24756
+22368
+12426
+8062
-130
-5274
+2688
+21206
+50474
+67508
+69082
+70134
+75872
+76924
+76284
+82090
+82260
+67334
+58644
+55124
+49746
+47164
+45898
+52684
+61260
+72502
+78582
+73880
+58964
+44944
+52164
+64332
+74398
+77578
+68146
+56766
+44756
+35128
+38176
+42666
+49362
+58058
+53628
+50002
+58462
+74248
+83312
+85970
+83286
+71856
+62786
+48906
+46896
+38892
+30200
+25790
+18250
+21066
+27830
+38064
+32216
+25882
+22954
+23232
+37796
+41716
+42746
+49436
+40774
+25408
+8846
+794
+184
+3856
+10248
+21270
+35154
+52944
+77172
+95694
+108342
+104992
+93066
+96160
+103928
+126762
+136078
+124614
+107778
+80900
+63022
+60082
+69302
+80332
+94418
+95794
+82122
+65226
+54556
+48406
+47830
+44682
+35458
+15734
-3986
-17750
-31868
-44192
-42626
-38446
-25354
-1668
+14434
+20750
+21994
+13574
+14500
+32000
+62538
+93922
+101662
+87094
+66152
+41644
+55098
+80414
+100298
+113624
+116514
+110530
+102276
+102996
+92020
+95910
+103504
+94812
+89160
+87596
+79074
+67376
+55228
+49262
+57492
+54696
+49612
+49752
+45264
+52768
+57164
+54684
+60782
+77142
+77956
+84852
+93800
+81172
+63028
+62098
+61308
+62344
+69984
+62196
+52650
+38516
+25046
+18514
+14534
+10488
+16322
+33510
+45248
+52332
+58582
+64330
+64020
+60968
+51376
+29842
+11378
+4428
+4260
+8216
-2950
-26680
-41878
-44596
-41778
-22634
+4608
+25610
+32804
+43638
+51932
+58802
+62516
+66772
+68856
+80182
+100600
+114514
+128024
+120288
+105094
+95224
+103792
+120278
+130298
+133346
+131592
+137344
+134028
+128710
+122262
+112106
+106592
+102672
+107694
+101238
+80508
+61742
+50004
+39088
+32918
+30996
+28052
+18780
+4502
-6940
-26318
-48332
-60674
-54278
-35586
-21206
-6644
-3986
-13888
-22348
-20126
-7584
+6324
+14496
+15918
+20550
+29346
+41596
+53970
+57416
+60450
+61228
+58274
+55120
+48714
+47434
+58268
+86268
+102670
+117572
+109722
+81788
+68122
+59902
+48106
+42158
+47980
+52024
+51046
+32640
+4420
-7838
-8710
-3146
+17218
+24732
+18920
+982
-5578
-7752
-12466
-16704
-23760
-26372
-11130
-5818
-7436
-6036
-12610
-22432
-25600
-15666
+684
+17626
+37048
+56020
+63926
+70986
+76820
+71866
+59800
+51472
+43092
+36700
+27440
+24998
+20420
+23488
+24144
+24208
+20956
+8448
+6534
+9106
+19428
+33804
+40292
+43026
+49290
+40378
+36568
+21816
+6996
-13922
-38930
-56086
-67448
-84988
-90396
-83028
-68626
-53806
-54256
-45950
-37896
-19052
+9756
+30538
+49550
+49856
+52138
+60638
+72602
+88450
+92466
+89756
+80104
+66032
+63532
+72518
+72096
+73046
+63402
+50542
+34508
+17040
+10122
-1832
-4530
-8362
-10486
-16482
-25766
-20894
-3730
+10040
+12582
+8730
+3040
-19510
-32846
-37846
-43886
-42208
-42648
-57068
-61730
-69974
-70712
-69120
-62184
-50034
-29462
-13544
-2034
+6462
+7310
+7870
+11836
+22662
+26950
+31492
+37292
+46406
+46040
+43324
+40090
+30504
+21864
+23472
+20932
+19894
+23550
+21754
+14198
+9612
+6142
+11820
+24852
+27774
+27250
+22270
+22068
+25904
+27726
+19950
+10442
-7136
-22996
-23176
-34514
-41390
-45304
-57380
-63934
-66462
-68510
-68506
-78122
-68474
-56046
-53298
-47826
-46192
-45892
-44308
-32560
-5552
+18360
+41172
+53112
+62622
+61088
+49278
+47294
+43256
+38678
+43180
+52892
+59798
+55476
+46916
+33500
+6178
-13208
-23926
-35334
-33060
-32408
-36844
-43600
-65282
-79456
-96404
-106174
-103404
-94050
-91104
-83140
-75038
-79602
-78326
-79340
-82110
-79104
-61728
-43324
-23486
-14854
-13806
-17796
-19558
-6616
+9496
+32958
+48772
+57802
+64828
+60160
+58066
+47624
+43448
+35382
+23180
+13250
+12126
+8222
-4036
-20986
-34640
-50026
-57592
-59332
-56150
-54792
-52052
-57078
-53096
-55838
-62912
-62198
-57418
-48996
-43056
-42420
-36950
-29000
-19602
-16852
-19080
-21706
-14510
-17812
-22056
-27998
-40636
-37070
-32182
-34546
-26412
-10352
-6558
-8944
-22926
-26798
-20498
-23596
-32456
-38384
-34938
-28062
-20608
-6666
-9654
-20856
-35368
-48226
-57486
-55240
-53100
-49652
-34624
-24542
-14704
-13446
-19830
-26592
-41782
-48246
-45376
-41098
-47622
-54304
-48318
-44260
-43326
-33744
-33376
-25188
-18490
-16836
-19796
-28084
-36924
-38220
-36868
-27230
-12574
-5260
-920
+1834
+5734
+4824
-6738
-11472
-22784
-36776
-42588
-46338
-41432
-39266
-46264
-56880
-67148
-76872
-87864
-99216
-92870
-80292
-77182
-80028
-91410
-100350
-106188
-101664
-102700
-105430
-106492
-109368
-94398
-72408
-51742
-44896
-36322
-32974
-24600
-3452
+6944
+12876
+15850
+14990
+19536
+33290
+52142
+74192
+82370
+81048
+68708
+54784
+39468
+34972
+30946
+24344
+18256
+11110
+3616
-4542
-25958
-49986
-75082
-97136
-106356
-106982
-83410
-56776
-36622
-37868
-40464
-58832
-83608
-102918
-111394
-105468
-98958
-81242
-56414
-39200
-33964
-31540
-40672
-48010
-57272
-54256
-45656
-43210
-46826
-49626
-54704
-52024
-33226
-15600
-11810
-21630
-33208
-34706
-20358
-3344
+3690
-7582
-46424
-80114
-86550
-64926
-37078
-22462
-23256
-29236
-14860
+5336
+34770
+58198
+52618
+43734
+23030
+3924
-15582
-26284
-32612
-33740
-29944
-32666
-35646
-45320
-58464
-61386
-51744
-30996
-1636
+23486
+35608
+31432
+34164
+34880
+14224
-5124
-15094
-14094
-8134
+2724
+15110
+8838
-3128
-17304
-24730
-38032
-43058
-41472
-41958
-32986
-18224
-19306
-30648
-51042
-67676
-62438
-55702
-54116
-49430
-44588
-36202
-14594
+1478
-4892
-24798
-54504
-73250
-74802
-57490
-45084
-33506
-34722
-38298
-37920
-38716
-32644
-24078
-12592
-2052
+1862
+4534
+3392
+4262
+11942
+23084
+28304
+31606
+30708
+25354
+23790
+21708
+16470
+18414
+19620
+19104
+15526
+27304
+30504
+37378
+34368
+29536
+29278
+26410
+27424
+32828
+45522
+56344
+65272
+58762
+37432
+20770
+7978
+1284
-4988
-6716
-9690
-15438
-20820
-33758
-47796
-52466
-53372
-52680
-52206
-50956
-41532
-34984
-19230
-5120
-2776
-4342
+6328
+17622
+33432
+43312
+51168
+47270
+33136
+17352
+9536
+10256
+23448
+43870
+58944
+52982
+54354
+47078
+25080
+760
-3848
-5898
-11820
-4854
+6554
-1394
-24920
-40014
-56678
-62896
-69614
-60230
-37328
-24936
-14190
-12370
-20936
-36056
-44166
-44684
-41138
-39518
-30944
-14606
+1132
+21162
+28832
+16280
+11828
+8570
+22812
+44760
+71862
+106812
+119922
+127702
+127806
+114646
+106840
+106426
+105056
+113134
+130790
+134324
+130264
+117306
+96342
+76792
+63908
+54320
+52246
+57112
+63574
+69412
+54824
+36882
+24930
+9080
+7114
+8982
+13324
+28428
+30378
+31944
+42090
+46612
+43144
+25518
-2084
-39348
-59210
-61200
-45960
-30742
-26868
-29242
-34310
-41310
-44942
-35602
-10334
+17268
+42056
+62752
+70264
+68302
+57744
+46896
+46010
+49002
+52512
+51996
+43596
+42874
+48498
+37956
+48950
+56576
+60546
+76952
+86280
+95256
+93986
+79854
+69054
+69988
+71850
+72786
+67642
+51064
+29880
+18578
+8150
-5648
-7076
+6636
+21320
+37334
+47304
+62374
+77170
+89052
+103102
+103466
+95320
+88234
+87576
+89950
+94726
+97752
+87078
+78992
+68062
+64838
+65752
+55980
+42262
+40092
+35662
+37370
+60880
+76262
+79050
+80678
+71602
+64184
+53576
+33750
+21770
+11900
+11418
+9460
+4464
+1468
-1432
-8760
-5040
-11512
-13234
-8138
-2570
+14230
+28740
+44644
+56696
+58378
+61236
+67696
+77990
+90894
+91784
+85162
+72150
+54558
+44982
+42610
+44180
+40336
+45256
+48366
+50390
+50542
+57404
+70950
+70500
+76082
+89252
+93768
+90462
+90878
+95756
+93460
+91696
+93002
+92186
+81502
+76202
+66012
+61588
+52460
+41348
+38860
+46848
+67580
+87966
+107250
+118632
+116588
+102434
+88718
+72254
+59522
+50508
+46958
+40838
+37162
+34494
+29780
+15650
-1426
-18882
-26830
-31224
-17520
+2312
+17250
+16598
+12288
-1596
-10290
-14452
-10258
-6376
+424
+8986
+24032
+43856
+58000
+63760
+66998
+64516
+61676
+64424
+69786
+87864
+86454
+91892
+93098
+79292
+72236
+73364
+79362
+84294
+92332
+93116
+89350
+95066
+87232
+73666
+59418
+38602
+33790
+37554
+49938
+64612
+69174
+64132
+49478
+31634
+21636
+32450
+52116
+56856
+51568
+48416
+36938
+26098
+29644
+28264
+23916
+29572
+34526
+34330
+40072
+53094
+58306
+59240
+54954
+53762
+53102
+53494
+41712
+38346
+26724
+13536
+2104
-5748
-10276
-19424
-16546
-18494
-18026
-17594
-14590
-14454
-12340
-5652
+1502
+4596
+18578
+18838
+22388
+27058
+27762
+31522
+33698
+38340
+39662
+43480
+58850
+81234
+93386
+106702
+94272
+79660
+58944
+49932
+54804
+66630
+84984
+87542
+73506
+57366
+39858
+27602
+38804
+56044
+71484
+79926
+84014
+79662
+65646
+55796
+45334
+29026
+15964
+15216
+13548
+15352
+12564
+5720
-7214
-9674
-5214
+6724
+19696
+30350
+34326
+28348
+22662
+30214
+45088
+47794
+49640
+47730
+46358
+55712
+61536
+63810
+61482
+59604
+46282
+36380
+34756
+36382
+36978
+37640
+38200
+33220
+29744
+22102
+14046
+9328
+11604
+15390
+22798
+30198
+28568
+33258
+23774
+17906
+3744
-5160
-3516
+13564
+28134
+37598
+36036
+26890
+10370
-13360
-19466
-15662
-8368
-1682
+2866
+4240
-5998
-6578
+528
+6366
+13356
+20008
+31220
+42356
+44904
+46460
+35904
+25344
+5204
-6588
-874
+6848
+19636
+30382
+28476
+26558
+28378
+25164
+20416
+18324
+17578
+20870
+22254
+19316
+24894
+26316
+25688
+19770
+9424
+4612
-1140
-7222
-10262
-2814
+2942
+3130
-2914
-5392
-12812
-6746
+700
+15932
+32972
+38618
+36346
+21632
+22050
+23162
+27686
+39102
+44736
+34964
+22130
+7696
-554
-6636
-6870
-19308
-29390
-26472
-29046
-28702
-23834
-16736
-20422
-28306
-31072
-34480
-35524
-33146
-25008
-12184
-1804
+5748
+8070
+3124
+2630
+9706
+14034
+14740
+11184
+7978
+3910
-2586
-11906
-340
+720
-5206
-2734
+2266
+7684
+13088
+19348
+35702
+49906
+53222
+49798
+54452
+52876
+40002
+35522
+20722
+1138
-11772
-23092
-23492
-20082
-10560
-3874
-7268
-15376
-25482
-27622
-29488
-27558
-27110
-43340
-53280
-49262
-45310
-44840
-45014
-43900
-52708
-48008
-37852
-25786
-22664
-32934
-35414
-33098
-32642
-26818
-27672
-33456
-41004
-48688
-52626
-48138
-31164
-16448
-964
+9694
+20048
+32562
+44584
+55278
+58462
+61806
+68186
+64954
+55922
+50976
+33232
+17182
+6582
-986
-7572
-12452
-25802
-31948
-36524
-52366
-65684
-69814
-62068
-56184
-56334
-55152
-52552
-44148
-39560
-44256
-49468
-54948
-51700
-52010
-42804
-37360
-53836
-65316
-76128
-75738
-68410
-59662
-43792
-34204
-21332
-7566
-5172
+1918
+9326
+12274
+10350
+5936
+3388
+420
-14902
-17918
-23754
-21894
-15462
-15224
-15588
-27032
-41054
-52156
-66128
-61962
-58960
-53234
-54760
-51016
-43548
-36236
-30184
-25190
-22624
-22902
-15668
-16518
-11162
-7358
-7620
-15422
-19156
-22482
-26036
-24050
-26580
-34580
-46342
-56614
-45070
-27568
-17014
-10542
-15194
-28700
-48680
-61230
-71314
-73176
-66052
-59636
-56444
-65322
-69150
-63700
-71942
-65990
-64542
-75658
-82898
-80104
-69974
-60566
-59944
-60056
-55260
-52976
-46248
-29764
-16958
-3288
+10742
+13334
+11858
+19128
+22930
+23010
+20974
+18610
+4506
-4140
-16020
-24292
-32448
-38550
-47446
-49740
-53030
-54084
-64352
-65660
-64110
-70664
-67566
-78102
-83488
-91130
-97570
-94040
-101314
-100574
-96566
-105350
-118098
-128952
-123240
-110172
-93948
-86580
-83364
-81936
-64810
-54576
-39048
-24944
-14148
-708
+6874
+14106
+9784
+3378
-9634
-14432
-14934
-14804
-10808
-18898
-31320
-43686
-54500
-54332
-57964
-55798
-50358
-53114
-54924
-50030
-49706
-56106
-72986
-76036
-82064
-95410
-108178
-115222
-115804
-119468
-114002
-107666
-103482
-107058
-107008
-97216
-80500
-61900
-46400
-38434
-37148
-43620
-54308
-61222
-64462
-62902
-57032
-57888
-60814
-60714
-63854
-72100
-67264
-56576
-45756
-43174
-48190
-48494
-56096
-67620
-70072
-78892
-81412
-79370
-69742
-68250
-65012
-69474
-71410
-82262
-93794
-96274
-96682
-83436
-79518
-84084
-88554
-94546
-98722
-87454
-67708
-55020
-47190
-50256
-63850
-69570
-67754
-67376
-67582
-67966
-73868
-81130
-75418
-76112
-70910
-65838
-64996
-65396
-67730
-66288
-54242
-51936
-55424
-59866
-72574
-85996
-99302
-104636
-106302
-100734
-103766
-100600
-103818
-102074
-93052
-85604
-75042
-66472
-63374
-64546
-57864
-59362
-53860
-45040
-40742
-32702
-29098
-31024
-30846
-37664
-40088
-39296
-27710
-18188
-18588
-18782
-22336
-25070
-30312
-38834
-38660
-44464
-44936
-43054
-47226
-42040
-36700
-45252
-53594
-62946
-67326
-69548
-69858
-71242
-67792
-75398
-89646
-104114
-104704
-92800
-87758
-81630
-86070
-89384
-83370
-78416
-75318
-73232
-76074
-79230
-77244
-72644
-63886
-54138
-47376
-56552
-60994
-59674
-56560
-50990
-35624
-25726
-20198
-12686
-10402
-8434
-7972
-13188
-8048
-9740
-1992
+1484
+1314
+6466
+5386
+7248
-326
-11642
-6508
-12568
-16200
-17790
-20666
-27492
-35618
-42530
-42236
-38424
-44834
-56726
-62096
-71824
-82156
-90264
-99428
-101956
-92868
-82500
-72628
-64614
-60108
-54412
-48688
-38364
-19690
-2992
+3524
+10418
+9286
+3018
-6044
-8514
-9920
-12352
-13476
-10682
-9644
-4208
-2742
-12832
-23732
-36742
-39914
-39296
-30868
-28870
-27122
-32256
-43526
-51636
-56098
-69240
-80482
-87044
-91026
-96216
-109806
-109912
-103552
-93868
-91964
-88224
-77574
-60648
-42942
-28390
-11826
-2440
+3682
+14104
+15210
+23086
+35004
+39230
+44956
+50272
+54400
+56672
+57688
+49242
+37696
+37414
+45908
+39786
+43074
+48158
+36460
+26898
+14766
+3906
-6536
-15006
-28306
-38076
-43644
-48760
-54726
-60948
-56572
-55162
-45870
-43638
-37862
-34874
-32206
-40526
-50044
-49786
-55542
-53526
-46214
-35734
-28440
-20774
-17984
-6364
-3172
+9634
+19458
+33620
+39848
+30248
+29566
+27684
+23082
+27506
+28096
+34254
+33456
+31990
+36668
+25886
+22708
+21334
+14788
+15674
+19902
+15784
+20782
+25064
+29844
+35304
+22874
+8394
+90
+8338
+14172
+15118
+18252
+15718
+3280
-14910
-29990
-33170
-29352
-23414
-14698
-17006
-19360
-9758
+416
+11920
+9086
-1388
-1004
+3092
+8244
+14032
+10194
+11536
+13598
+12658
+15350
+18094
+13506
+6450
+10386
+14978
+20600
+28946
+42260
+53480
+53462
+57634
+59726
+59836
+61788
+64382
+61990
+59944
+58902
+48100
+37918
+34686
+20466
+15742
+17036
+22714
+28284
+31578
+31720
+24764
+18370
+11830
+13342
+18820
+26502
+32032
+29298
+26574
+21816
+15604
+18566
+24492
+21964
+21038
+20170
+7962
+4230
+3668
+9058
+14782
+24402
+23466
+10506
-3644
-4010
+2346
+5176
+9954
+20362
+25438
+23960
+27478
+22018
+16810
+15658
+9442
+7060
+15712
+21370
+19238
+15826
+12020
+19422
+25104
+34096
+40466
+47056
+42766
+35112
+29518
+26880
+36094
+36604
+36554
+34842
+31814
+26654
+16230
+16814
+14088
+23464
+35418
+37758
+39948
+34606
+23520
+16684
+17044
+8286
+2826
-2278
-7722
-6448
-3408
-4512
-5380
+838
+5500
+4970
+6376
+7290
+10518
+11500
+10228
+6170
+864
+22
-576
+6054
+8154
+7178
+2078
+4708
+10126
+11456
+14520
+20058
+22938
+26002
+25200
+31200
+40060
+48450
+44678
+31544
+21110
+13530
+8284
+9470
-1150
-6498
-4596
-6856
-6452
-9746
-12018
-21536
-26240
-23126
-9020
+3556
+5956
+5648
+7574
+10716
+16506
+10276
+8898
+4248
+4194
+4092
+6720
+4444
-3002
+7242
+15594
+23908
+24600
+24658
+20248
+26638
+32048
+31234
+38032
+43780
+49722
+51154
+50476
+46638
+51446
+37574
+21548
+9734
-1744
+3204
+2256
+688
+4034
+232
+7694
+8708
+9078
+7990
+7106
+9382
+14804
+23608
+27926
+28486
+28126
+26706
+22748
+9028
-14660
-23582
-25140
-25670
-22516
-18866
-12544
-6654
-6280
-2226
-7030
-6514
+4196
+18748
+35598
+48780
+53154
+41436
+33964
+33142
+23412
+26506
+26994
+25274
+25528
+26764
+32882
+37516
+35758
+40684
+50396
+53248
+50802
+48442
+37616
+37180
+24562
+15962
+7650
-2724
-12680
-10062
-9576
-21218
-36344
-41514
-49180
-59504
-59788
-57592
-53902
-56982
-54178
-42794
-39086
-32072
-16910
+324
+4888
+8206
+7960
+9970
+19122
+26420
+35748
+40620
+33938
+32802
+34890
+25736
+21396
+25024
+30282
+28318
+23116
+19382
+16406
+17662
+21994
+27170
+27118
+24588
+12782
+2400
-13198
-24846
-19630
-15702
-9210
-15302
-16104
-13890
-18510
-23998
-25224
-22460
-22568
-15522
-14306
-12842
-17640
-27556
-27474
-20122
-6422
+4930
+10032
+16698
+18796
+12356
+10250
+6468
-1784
-2698
-5816
-13060
-19038
-26230
-31102
-30884
-18834
-10458
+7284
+20322
+28440
+27058
+21450
+22402
+24134
+35546
+40558
+37604
+38130
+30626
+16810
+2990
-6630
-15300
-20800
-16542
-13760
-6074
-2398
+1106
-6702
-10134
-4042
+3226
+2394
-2674
-8978
-13296
-21006
-27278
-27846
-34868
-32892
-36010
-39522
-35054
-27016
-21332
-13586
-1804
+5026
+1864
-3332
-3688
-2002
-122
-1230
-6218
-10222
-3030
+28
+310
-6466
-7702
-8964
-6688
-314
+1904
+6180
+4020
-6436
-15920
-14770
-10648
-10230
-9498
-20946
-25694
-34714
-33512
-27894
-13846
+3716
+3438
+7632
+7016
+8372
+7656
+522
+4928
+4988
-2258
-9306
-17652
-25004
-31248
-41964
-45278
-39278
-38704
-36234
-35452
-37980
-29038
-26404
-25112
-21290
-16224
-3538
-2314
-3172
+4090
+6660
+10522
+12394
+332
-12832
-27710
-24842
-19946
-8830
-5354
-7506
-14478
-24310
-26036
-28740
-31664
-31014
-25286
-24620
-27638
-26820
-35818
-43760
-44308
-41270
-37034
-34362
-33384
-34702
-39520
-34094
-32692
-27696
-21886
-12384
-5374
+62
-448
-28
+6134
+14574
+19824
+30232
+34540
+29836
+28786
+28344
+22020
+13424
+12062
+7756
+1166
-12314
-19718
-23542
-33908
-39774
-45982
-46512
-47254
-42222
-46102
-48860
-49392
-50008
-45942
-41130
-41716
-45210
-49440
-57102
-63086
-63704
-69658
-72500
-74508
-70366
-60016
-45988
-43470
-39570
-30250
-23794
-20084
-19534
-19532
-15532
-12464
-9556
-2486
-138
+3450
+9306
+9396
-1126
+3164
+13918
+17502
+19430
+26372
+17194
+16926
+13260
+6798
+9122
+3394
-4936
-21400
-32108
-31778
-32300
-28688
-26290
-25496
-32340
-36866
-39814
-33288
-28402
-33546
-27256
-27968
-27760
-32576
-41292
-47884
-49428
-58790
-58106
-51928
-49498
-46796
-38652
-37276
-28118
-26590
-35700
-34094
-38308
-38788
-36184
-35368
-35298
-39726
-47204
-49938
-55414
-52988
-50520
-50838
-55522
-56920
-51228
-59004
-62778
-55298
-55024
-50972
-49410
-46668
-43884
-35992
-26894
-21170
-24250
-24528
-30812
-27838
-14866
-8376
-7218
-19014
-33684
-42708
-37240
-33664
-36494
-34050
-35072
-40490
-38608
-26106
-20160
-19846
-25206
-25924
-24026
-17410
-15698
-16600
-19376
-34142
-46084
-51978
-52626
-54598
-57952
-56484
-53570
-55082
-46294
-38918
-39704
-36152
-46706
-54338
-58906
-53340
-47338
-49158
-48778
-54418
-65514
-78586
-72514
-65518
-63658
-55018
-54242
-50710
-51336
-49448
-49384
-53920
-61360
-59924
-46228
-35706
-27162
-31266
-34536
-36088
-48100
-47670
-43730
-40864
-31046
-24976
-28456
-34376
-39680
-48068
-49534
-52632
-53980
-52382
-46702
-42444
-46720
-51070
-59104
-59906
-59882
-52304
-41840
-37632
-34812
-33672
-32670
-40398
-42878
-38428
-33740
-33146
-35212
-33456
-30378
-37006
-49452
-53522
-54376
-48776
-44000
-35404
-25900
-24186
-26232
-24276
-25186
-29220
-28158
-23630
-25606
-32174
-38654
-35048
-35214
-45624
-51750
-48990
-48362
-47028
-44698
-48670
-41870
-37204
-27648
-33234
-39558
-32786
-28124
-18840
-21366
-19632
-23168
-28110
-27656
-29886
-27466
-19648
-15996
-20260
-22866
-23570
-29050
-33324
-37642
-36512
-33608
-28680
-27904
-31060
-26414
-31940
-36996
-45576
-52104
-49138
-40760
-31966
-24614
-22340
-22864
-19116
-10734
-9632
-792
+11052
+18374
+26808
+21846
+13786
+12670
+9430
-2608
-13838
-21246
-27084
-27998
-28648
-25760
-33420
-34972
-34844
-33264
-29008
-27200
-33490
-36540
-44654
-41808
-44988
-39702
-31132
-28292
-24706
-25756
-28584
-26066
-28316
-27108
-21958
-16464
-11910
-8726
-2880
+1912
+8586
+12914
+6848
+9254
+8738
+7772
+7344
+9916
+11336
+6988
+988
-7288
-11730
-21872
-29484
-39674
-45976
-49130
-55592
-61166
-64650
-66996
-68210
-58164
-52578
-53328
-52194
-50518
-54824
-51728
-48146
-38818
-26640
-9228
-910
+1070
+468
+7116
+3380
+5706
+4264
+4796
+5900
+8690
+13670
+15510
+16448
+13550
+23078
+35828
+43924
+46118
+46320
+37014
+30198
+26746
+28628
+26922
+23598
+18396
+9048
-4916
-20058
-18756
-14352
-14490
-15352
-11352
-1266
+318
-8046
-8176
-10436
-9106
-8584
-5738
-1066
-1318
+9956
+11442
+19046
+19844
+21032
+15554
+5240
-268
-252
+490
+6276
+15612
+22254
+22232
+14182
+5128
+686
+622
+3812
+17992
+27706
+30736
+37732
+42248
+43172
+40158
+34676
+24730
+15624
+21350
+29968
+32404
+39238
+37344
+31552
+26534
+17786
+9108
+10574
+17186
+20496
+14932
+15004
+13974
+7668
+5806
+10512
+5588
+4136
+8130
+7918
+18184
+23668
+24062
+24854
+27524
+25044
+30246
+32090
+44300
+49692
+48522
+48812
+37714
+31332
+28590
+34478
+40878
+46358
+48944
+50380
+43852
+45336
+48546
+39288
+33064
+28500
+24136
+26358
+29024
+27514
+28626
+28172
+23582
+31530
+30200
+17336
+14886
+9722
+18952
+30708
+36080
+45758
+51962
+48270
+51364
+45674
+44346
+51504
+57798
+57190
+58792
+56444
+56868
+56016
+62580
+62472
+63120
+65608
+62460
+60738
+58870
+58926
+56684
+57838
+52846
+53792
+64434
+58408
+52022
+47850
+36026
+26710
+29020
+31996
+39344
+37372
+30930
+18692
+13290
+18506
+22082
+28884
+30228
+37340
+48146
+51068
+53716
+53384
+60564
+60786
+56356
+55406
+52634
+49422
+47460
+45738
+40840
+34820
+30024
+45426
+60086
+70202
+76944
+79494
+78596
+76198
+80242
+83334
+94550
+82800
+67902
+61790
+57578
+58828
+58822
+57858
+52340
+44068
+35908
+30714
+26426
+32550
+29964
+29488
+27090
+26530
+26314
+18134
+17892
+11810
+9580
+11410
+13222
+20022
+26844
+35384
+37322
+36382
+42292
+48312
+52590
+52438
+56142
+56506
+52518
+61188
+64314
+62564
+66400
+65180
+59438
+56748
+63612
+65578
+65250
+60796
+54462
+55798
+53292
+52628
+49666
+46370
+36880
+35024
+35834
+36120
+41886
+45192
+42388
+32702
+32570
+28700
+24480
+24060
+22784
+17428
+11310
+16662
+23032
+28938
+34402
+36154
+23812
+15938
+11306
+14476
+23570
+28822
+34114
+31682
+30310
+30396
+34590
+37406
+38748
+40930
+30780
+32930
+37302
+45510
+48976
+53432
+53566
+56364
+54062
+55100
+59496
+61864
+64882
+62856
+59822
+59664
+56888
+42180
+31618
+31856
+37960
+36116
+37892
+44638
+43442
+36632
+33080
+31982
+34276
+38342
+34452
+27308
+22006
+17178
+17996
+16878
+14568
+6760
-408
-492
+1484
+2504
+8828
+19318
+23880
+31264
+34120
+32784
+35092
+36840
+37134
+38286
+40328
+47320
+58824
+61042
+63430
+64256
+53038
+53080
+54210
+49906
+45428
+44374
+44544
+40196
+47566
+46082
+39964
+37252
+27166
+23984
+20372
+16352
+16996
+15438
+13254
+14486
+10430
+8558
+12318
+14472
+26740
+23826
+25528
+27056
+26826
+28220
+25900
+32226
+32060
+27616
+23566
+24952
+33498
+38400
+38698
+41026
+38090
+44304
+47436
+52620
+54790
+48448
+41224
+37004
+31686
+29396
+29960
+26430
+29602
+25422
+23286
+24432
+19546
+22318
+22022
+23314
+21678
+23310
+23008
+20318
+19994
+18176
+20566
+29796
+37522
+34592
+33758
+32818
+31054
+36698
+33264
+24398
+25510
+21224
+13802
+19924
+18208
+11292
+6168
+3360
+9960
+8878
+16250
+22548
+27302
+26548
+21216
+13488
+8132
+1526
-1590
+158
+3922
+12588
+11480
+13888
+15052
+12952
+12928
+15384
+14186
+21890
+22968
+25236
+22792
+22826
+24626
+27030
+21944
+18966
+21474
+25022
+26936
+28590
+33620
+30742
+25670
+18104
+12540
+11566
+13412
+15954
+18294
+12306
+9584
+4994
+6384
+11580
+11040
+9148
+7272
+2878
-1008
-4216
-1624
-5268
-11344
-9548
-7972
-8854
-11410
-5772
-2520
+720
+6134
+1568
-2952
-5694
+824
+3288
+6610
+5236
+7238
+16246
+16612
+18070
+17582
+16860
+19626
+27410
+27916
+30266
+28284
+24258
+21202
+23450
+18596
+16730
+14288
+12552
+10696
+12276
+11020
+7732
-1502
-3888
-1708
+554
+6794
+4604
+10
-6880
-11748
-19522
-24118
-27800
-24482
-22688
-25788
-26696
-27570
-24598
-25112
-20886
-20618
-18462
-17208
-16472
-7636
-6708
+1082
-6522
-16860
-17710
-17674
-13982
-7696
-4590
+3526
+9324
+9944
+8858
-256
-7930
-7378
-4140
+2178
+3322
+7696
+8670
+272
-5510
-598
-3542
-8126
-8416
-758
-1816
-9162
-9998
-13398
-19468
-23492
-35520
-36492
-39320
-34210
-30548
-23634
-20594
-22290
-26684
-24988
-19860
-15168
-8674
-8566
-10538
-17472
-15190
-13790
-11634
-7396
-9634
-7540
-2866
+10006
+13536
+12094
+7832
+9640
+10672
+10422
+7584
-1650
-7096
-12060
-15932
-21714
-31102
-31720
-29942
-29932
-33034
-35726
-35658
-33908
-43710
-47982
-43546
-39282
-38590
-33884
-34354
-28678
-31412
-36814
-38046
-39502
-37028
-31678
-29800
-31056
-26958
-30038
-26556
-27134
-27774
-20178
-15024
-8312
-3922
+1838
+8708
+6792
-1600
-1386
-5234
-12670
-18384
-27088
-26510
-30476
-34370
-36984
-35718
-30000
-34002
-39590
-42642
-53754
-59446
-61038
-58696
-58920
-60462
-61016
-62266
-58294
-58562
-60244
-56156
-58872
-56290
-48142
-39878
-33928
-33812
-35508
-41228
-42428
-47998
-39510
-31770
-18650
-15872
-7588
-8190
-20734
-23736
-24276
-26476
-24430
-24798
-25680
-25790
-33612
-42400
-51802
-62692
-66386
-68886
-65112
-61346
-60934
-54438
-60336
-59992
-63148
-65758
-63468
-64062
-61384
-57890
-55362
-43760
-40168
-38206
-37276
-37956
-36098
-35696
-31018
-27972
-25938
-36112
-40730
-45674
-48712
-53494
-54488
-52516
-59960
-60272
-53460
-52276
-58490
-60586
-61694
-63874
-63998
-58714
-57812
-59764
-53882
-58454
-59878
-59344
-48222
-44516
-30220
-22628
-16024
-6200
-11166
-10412
-5164
-6562
-14378
-13092
-1578
-3068
-3768
-3228
-5410
-8876
-16146
-21836
-24072
-25756
-28534
-38798
-42786
-49034
-57246
-63838
-71800
-77588
-77300
-71728
-67144
-73928
-70914
-72172
-78428
-76930
-70118
-64846
-64242
-58226
-62538
-66028
-64954
-65968
-55616
-44950
-36830
-37496
-32348
-29154
-22138
-13996
-7296
-4172
-4912
-7988
-6168
-4780
-1022
+184
-5258
-8054
-11728
-10914
-13572
-18214
-16882
-17722
-16870
-19746
-35002
-49378
-53450
-53884
-57834
-58528
-56238
-68418
-61856
-61282
-65486
-63034
-50838
-45084
-42606
-41986
-45828
-45378
-47266
-43550
-43042
-39860
-38530
-33530
-30872
-28644
-22356
-26266
-19538
-10350
-14038
-10698
-16268
-17412
-15892
-32076
-32102
-28376
-25726
-19360
-17768
-19000
-23724
-32276
-39078
-41530
-45568
-43664
-47330
-51256
-45436
-38752
-28548
-32138
-32344
-29822
-28840
-24934
-19170
-16226
-13746
-14872
-12890
-9880
-10840
-8342
-3938
+1850
+9026
+10300
+13162
+11968
+792
-992
-7984
-17374
-12374
-18570
-21914
-16722
-11786
-11814
-14648
-23028
-39640
-42150
-44438
-39460
-36720
-40708
-34904
-31970
-36710
-44378
-47728
-48804
-42562
-31314
-26572
-27408
-32408
-43210
-53024
-54074
-47436
-33694
-20834
-12508
