+12578
+11200
+10804
+12872
+13338
-2706
-662
+3190
+4096
+5376
+3856
+7194
+8276
+5960
+5318
+4830
+1240
+766
+148
+1152
+1558
+6220
+8628
+9366
+11214
+11344
+8474
+8238
+13668
+8854
+9392
+6908
+9590
+9832
+7338
+3530
+436
+4264
+4632
+2042
+3004
+748
+7582
+8050
+7760
+8682
+3804
+5326
+6828
+8074
+3972
-2820
-1306
+2042
+8380
+6982
+2828
+3758
+11706
+14942
+13348
+12178
+12862
+11372
+12578
+11200
+10804
+12872
+13338
+15714
+16684
+13820
+11864
+14898
+15256
+18950
+18522
+16444
+17296
+16576
+17038
+16904
+15256
+12258
+13320
+14882
+7046
+7724
+5700
+3814
+10356
+15018
+18346
+18904
+11590
+15090
+23940
+25036
+24462
+22454
+24112
+27034
+22462
+21432
+20734
+23232
+20888
+14128
+11326
+13530
+20272
+19446
+18542
+13766
+18570
+21692
+26244
+28490
+26714
+30584
+25488
+26614
+32206
+26800
+24752
+24730
+25266
+28172
+34972
+28694
+21322
+26586
+28990
+33068
+34806
+32070
+30404
+25764
+25058
+29932
+29616
+31792
+32772
+38950
+37278
+37186
+38192
+39188
+32942
+35128
+39046
+33572
+29338
+29416
+28548
+29504
+24688
+21872
+22912
+652
-136850
-355114
-543352
-627986
-545444
-368542
-199708
-64028
-70840
-110170
-107420
-61700
+49154
+188196
+374382
+529630
+658770
+800284
+943938
+1092590
+1231610
+1310322
+1313282
+1244058
+1116586
+990124
+860234
+737886
+597286
+415762
+191930
-42530
-248928
-440776
-591140
-703576
-785760
-869440
-959026
-1053298
-1158128
-1261678
-1334482
-1350794
-1333404
-1349618
-1504432
-1761716
-1970630
-1996538
-1774528
-1395846
-1006214
-703626
-560318
-463986
-318460
-106260
+174196
+524270
+1004718
+1566918
+2060308
+2366600
+2399618
+2210116
+1984162
+1824830
+1822816
+1973316
+2084942
+2074144
+1887182
+1427298
+739142
+82594
-338688
-417912
-272876
-113576
-48612
-199570
-408504
-382452
-178592
+92276
+247358
+228554
+56538
-148152
-272912
-254720
-322488
-633174
-1062926
-1447066
-1608262
-1493328
-1189724
-831548
-464036
-118012
+199654
+396698
+405622
+237488
+61934
-60766
-110232
-50516
-21786
-60938
-160930
-282214
-428120
-513490
-430414
-252546
-79572
+69506
+172452
+207012
+178492
+118736
+59942
+1932
-21424
-8834
+36470
+92938
+150094
+203294
+200154
+149010
+115250
+110084
+161880
+236850
+315250
+362564
+342656
+308606
+197748
+183208
+213686
+226416
+328942
+363620
+410302
+426332
+364320
+295360
+199830
+82934
-6534
-58804
-58710
+9162
+108786
+190524
+218544
+206840
+177258
+48890
-51796
-52190
+40304
+281974
+487980
+611652
+585350
+424482
+239662
+59394
-70018
-125932
-114942
-54792
+53548
+160368
+175338
+86416
-52722
-172860
-269364
-288124
-292756
-360820
-469138
-529552
-564034
-627994
-674630
-697980
-702548
-696348
-683308
-625264
-552152
-463610
-378294
-255298
-90252
+4632
-20696
-27724
-20700
+44696
+220844
+338908
+446580
+468258
+420192
+462302
+513224
+448170
+419358
+454028
+497096
+674302
+736222
+649900
+514204
+416316
+510780
+717442
+815650
+817450
+705744
+471724
+347096
+293466
+275820
+250418
+83132
-155282
-364210
-568050
-549822
-461208
-396606
-334622
-308462
-292700
-386720
-400708
-300736
-248056
-186538
-102610
-74398
-66250
-103324
-134908
-113452
-172250
-270842
-239372
-221046
-211958
-150456
-119588
-80240
-24442
+84328
+162614
+221192
+208324
+169482
+183658
+195122
+249020
+245468
+206584
+162174
+102566
+60126
+53268
+65344
+65542
+69394
+75222
+76512
+81886
+93414
+98536
+105506
+133432
+143226
+128366
+112472
+68276
+9344
-27402
-49056
-52090
-29320
-7652
-14952
-64912
-141126
-173046
-156598
-95606
-238
+64408
+82878
+63490
+584
-28918
-29314
-20002
+27030
+61122
+66518
+69166
+43086
+30640
+20484
+11116
+52508
+127932
+175410
+187518
+187522
+163320
+133132
+170586
+196196
+212114
+220494
+179636
+124698
+70856
+37918
+28870
+7840
-43552
-120326
-185576
-209306
-173710
-112124
-70184
-84748
-125396
-172274
-209090
-215496
-193296
-156232
-144012
-117372
-69334
-32836
-7208
-19774
-50426
-82838
-95584
-53638
+12770
+42570
+53722
+37056
+17898
+3414
+294
+39676
+70752
+107120
+143392
+165636
+187276
+194096
+190566
+178816
+163746
+113336
+56236
+24118
+33730
+86242
+144006
+174324
+158642
+127150
+109166
+125536
+162394
+186030
+170182
+137904
+87412
+42568
-8422
-52432
-97206
-140874
-150132
-140102
-107322
-98438
-114698
-126138
-128950
-124260
-103444
-73492
-56404
-81472
-117954
-140974
-156876
-136250
-90260
-33812
+7540
+17542
+910
-33524
-57118
-57592
-29444
-16054
-27714
-47520
-49000
-63528
-63474
-48504
-52010
-51048
-39936
+730
+48338
+89810
+123500
+148748
+169048
+170266
+161244
+143096
+107900
+73646
+58170
+47076
+60468
+103008
+128948
+132572
+123474
+126892
+131808
+136966
+170426
+188856
+204946
+209208
+197548
+175522
+140438
+101346
+56724
+14702
-22830
-68376
-120840
-181020
-256834
-308448
-345806
-354186
-347820
-342066
-335516
-331660
-306512
-268870
-226270
-180314
-152868
-142934
-131110
-127408
-115554
-90310
-57410
-44414
-55840
-70418
-65614
-26422
+43370
+120598
+190424
+219306
+222092
+228952
+245086
+265504
+270080
+250482
+230876
+204454
+186004
+167276
+150368
+135604
+110066
+91244
+73822
+55612
+31558
+14946
+8446
+6242
-3266
-7710
-36370
-79390
-98854
-104044
-96862
-89326
-90872
-90284
-109432
-146626
-197260
-229018
-235172
-240408
-220882
-194634
-179352
-168450
-154098
-138350
-134852
-122502
-102284
-77156
-38108
+5448
+41038
+56894
+60506
+54346
+34480
+20996
+1142
-30122
-32292
+10910
+56304
+105960
+125240
+102712
+82768
+44706
+27454
+21834
+21950
+43366
+67270
+89776
+96760
+51900
-30784
-110004
-163830
-175728
-166250
-145256
-133092
-138064
-158044
-172186
-186964
-176582
-129744
-82186
-35286
+22322
+52702
+78632
+99924
+118952
+144350
+132640
+87830
+48682
+18422
+12420
+20310
+37828
+47304
+26764
-1624
+4718
+2252
-16832
-25488
-35994
-28762
-1052
+21242
+8622
-45922
-101218
-138174
-164674
-168424
-163750
-171864
-185730
-192998
-200832
-198522
-186258
-165356
-139950
-109210
-74396
-45482
-12474
+11746
+27880
+32888
+38164
+30912
+23694
+23054
+27374
+47394
+76474
+91584
+88828
+70038
+53842
+47312
+35050
+46008
+48892
+40412
+36142
+20116
+1250
-3142
-7234
-9620
-13028
-23758
-32632
-30678
-22080
-17124
-16948
-17868
-9802
-15844
-16732
-18762
-33650
-54436
-70996
-69902
-70262
-78646
-104812
-118736
-135480
-147516
-142594
-124592
-96748
-66412
-37670
-16638
-18358
-12506
-3822
+14544
+28122
+16754
-8952
-39428
-49400
-41856
-20806
-1226
-864
-3760
-10830
-22474
-27328
-17160
+10464
+49414
+91208
+113164
+119816
+103850
+81660
+55564
+30632
+26754
+40248
+45402
+18644
-36176
-102660
-169006
-201872
-186768
-141214
-104572
-92924
-99382
-113704
-125446
-116412
-85208
-43312
-19348
-3510
+30716
+64296
+76982
+68540
+38990
+5436
-21478
-7188
+14584
+15858
+18384
+10886
-1412
-1266
+9664
+25842
+22934
+18414
+29694
+46694
+70502
+87026
+76166
+60370
+32136
+7200
+5618
-420
-6160
-9002
-30526
-70278
-107636
-137424
-145672
-128576
-92020
-59236
-45582
-37694
-35874
-50646
-70046
-99706
-125428
-143888
-134432
-112536
-94680
-77688
-70202
-61152
-55520
-44252
-21622
-2948
+6234
+3052
+3506
+1324
-766
+10622
+31372
+56654
+69086
+67074
+59820
+49370
+44890
+57566
+69710
+80954
+94060
+107146
+101622
+87666
+54956
+17986
-734
-9830
-178
+20680
+27712
+18756
+11938
-4254
-7292
-10276
-19176
-26150
-48404
-69502
-48626
-29888
-28106
-38940
-68752
-86282
-77036
-42338
-1868
+22122
+39026
+44186
+46338
+43212
+34584
+15920
+3508
+11234
+29602
+48602
+48938
+33456
+13636
+9858
-1770
+3098
+18476
+27226
+26936
+19518
+10710
-20056
-43292
-50726
-50200
-60254
-67592
-71340
-83324
-87196
-91390
-77378
-65582
-56482
-50856
-52590
-60500
-62292
-55924
-38002
-12320
+6054
+29190
+41792
+51324
+53082
+55542
+71486
+86416
+88386
+84742
+77670
+69788
+72724
+86100
+103206
+112324
+111994
+97692
+87886
+79434
+73416
+72770
+69528
+60700
+57114
+51182
+42600
+25524
+8162
-10144
-23718
-30458
-31270
-24506
-12008
+342
+5276
-718
-9342
-2940
+15524
+35180
+53264
+56780
+53814
+42562
+30260
+27030
+23156
+25790
+25928
+9120
-18378
-32942
-55512
-61764
-57060
-52516
-54340
-58544
-59480
-53772
-43000
-33548
-17564
-11654
-20396
-30624
-34688
-31790
-20206
-9770
-2294
-13762
-20624
-16116
+6734
+39488
+65834
+73458
+69006
+68830
+60032
+71052
+86008
+106118
+125106
+113336
+93026
+85426
+82130
+76366
+84920
+92082
+85168
+74320
+72150
+74282
+70792
+62676
+45360
+26834
+9622
+8440
+14926
+28142
+39222
+40220
+37646
+29736
+31296
+39778
+38820
+40928
+33732
+18206
+7070
+3194
-8506
-22958
-24756
-27762
-33190
-44198
-65772
-84262
-81236
-68340
-45438
-29920
-27012
-26794
-32996
-43240
-48258
-37660
-31406
-23524
-10878
+8840
+15238
+31150
+45678
+51834
+54174
+48578
+40804
+35830
+23544
+19264
+9806
+10666
+20412
+29288
+47262
+61918
+78192
+91672
+83626
+67236
+53238
+56856
+70610
+85482
+95152
+79544
+55228
+32182
+8766
-2562
+8972
+23758
+33580
+37440
+24292
+10900
+6440
+4894
+15220
+29866
+38592
+41078
+37498
+29860
+24044
+18726
+7044
+12720
+19158
+16226
+12494
+2678
-6202
-17814
-36260
-44720
-56354
-64260
-69440
-71254
-73276
-74454
-68264
-55574
-47886
-35520
-26934
-16946
-9776
+11724
+46636
+79686
+103776
+116684
+113282
+99610
+83044
+71284
+62694
+57182
+58026
+54918
+58272
+55002
+51614
+44074
+42514
+53560
+76916
+104444
+125910
+127336
+113072
+82758
+49460
+28468
+4302
-15378
-38768
-54182
-63660
-77988
-70014
-60520
-42074
-30652
-29268
-28182
-24668
-7832
+9906
+34178
+44758
+38706
+24382
-1920
-29856
-35622
-30072
-9894
+7444
+20082
+28188
+20032
+7260
+128
-7424
-7568
+7512
+27800
+48352
+55438
+51932
+37726
+27504
+18774
+15646
+11388
+4926
+2040
+8888
+12910
+13786
+9268
-2976
-16278
-34584
-36746
-18522
+3048
+17606
+31336
+40328
+40666
+35746
+24478
+19878
+11836
+12388
+20038
+29808
+33968
+27554
+15702
+10226
+8362
+24946
+41556
+48876
+50632
+49858
+42614
+28510
+9556
-1454
-10044
-5666
-3884
+2034
-4304
-18078
-35016
-35008
-35732
-40792
-36162
-51388
-55464
-49230
-35964
-34216
-39752
-42278
-47874
-37388
-29994
-25054
-8080
+1338
+3824
+7812
-1220
-5926
-4500
+9254
+33214
+55294
+71852
+83492
+84686
+79560
+72836
+69820
+55300
+53054
+56022
+48490
+35970
+22208
+20974
+1772
-16186
-26826
-37336
-46690
-50630
-52492
-54388
-51830
-45506
-36584
-30742
-27322
-16890
-14080
-9946
-15888
-28190
-34542
-28756
-33262
-30242
-28252
-23498
-21532
-18702
-17694
-11446
-7282
-4322
+10296
+28788
+42082
+57036
+64656
+59130
+46966
+26012
+20108
+14890
+19036
+20286
+18514
+8170
-12118
-29966
-33558
-38178
-46206
-40580
-34790
-31538
-36420
-51230
-67572
-76148
-75806
-64258
-48362
-36558
-27920
-24950
-27778
-29896
-20282
-6540
+2650
+392
-10376
-14286
-1624
+8152
+17562
+20922
+8506
-6296
-9476
-416
+26132
+50668
+69896
+74084
+77896
+74650
+62430
+49686
+33246
+14546
-2090
-11930
-17788
-22410
-39182
-55816
-74996
-76514
-67854
-54918
-49270
-45948
-48414
-61470
-65184
-68928
-68558
-63586
-64014
-62310
-62244
-62746
-57852
-43944
-35284
-31772
-26122
-20468
+298
+12550
+17170
+23592
+16058
-1416
-19258
-27316
-32132
-33952
-25282
-22346
-15122
-12776
-914
+14332
+17206
+8044
-3162
-6374
-3664
+1268
+7336
+3420
-16136
-41530
-46170
-34686
-23002
-11014
+2960
+18896
+20424
+29144
+39784
+45082
+52684
+55984
+60784
+57808
+45340
+29132
+13158
-7652
-19478
-14666
-14298
-19972
-23470
-37782
-46434
-59622
-73960
-78974
-83880
-90944
-93344
-93526
-98122
-96446
-91754
-90202
-90406
-100886
-105254
-101718
-99234
-83954
-73382
-67898
-67568
-61422
-44540
-15846
+6662
+16922
+24732
+35970
+47006
+58048
+63002
+58782
+57106
+54310
+55398
+60932
+62162
+52690
+28758
+7872
-17906
-43928
-54926
-58622
-68552
-68486
-59504
-58798
-62546
-69954
-73112
-68194
-59628
-45242
-39282
-39676
-42520
-40654
-42520
-50240
-49998
-47826
-41558
-26800
-14656
+5058
+28004
+41480
+51368
+53970
+46096
+31258
+19322
+10918
+6760
+8874
+19956
+19558
+16606
+17186
+17972
+4916
-13096
-34546
-52946
-52178
-42824
-22646
-15430
-15564
-23268
-30366
-40078
-52580
-59578
-59490
-71804
-82336
-92826
-103896
-110982
-122606
-123162
-125704
-137872
-146800
-156986
-157524
-151916
-129276
-107528
-94412
-84864
-81112
-69132
-56510
-53102
-43042
-30550
-22202
-11102
-5036
+4456
+7082
+13168
+31666
+48780
+75416
+106704
+137712
+168522
+173808
+162922
+143244
+119326
+102818
+99812
+108628
+114894
+108510
+93266
+55354
+16114
-14806
-42080
-70684
-96134
-124270
-126900
-112692
-102860
-93560
-100756
-110738
-126996
-135890
-117730
-94938
-66968
-40742
-21530
-16972
-24746
-46764
-69416
-91074
-112894
-122976
-124816
-117174
-106234
-92076
-82872
-81556
-78078
-80142
-71290
-50040
-38684
-23746
-18206
-18056
-16570
-13146
-18566
-33948
-39524
-28560
-23852
-21624
-27236
-34950
-38816
-25216
-7498
+4936
+32836
+52044
+62804
+79428
+92576
+106108
+113832
+118562
+128104
+139044
+132230
+114388
+95910
+75800
+45670
+16274
-4192
-25906
-48846
-71604
-101386
-129360
-157694
-164534
-158756
-134180
-109324
-91926
-94336
-111524
-123854
-128716
-136804
-134400
-118614
-102992
-82024
-64304
-41006
-13388
-1550
-4220
-19000
-28110
-23542
-11110
+21324
+62592
+90712
+87770
+73208
+44296
+8930
-4380
-8366
-17264
-22882
-27616
-44464
-55666
-70686
-88840
-109128
-138478
-154602
-164762
-174196
-185166
-196210
-190706
-170940
-143962
-96080
-52182
-32252
-27428
-18350
-6432
+6540
+27172
+46658
+59548
+63192
+72656
+85552
+93868
+92578
+94722
+102640
+115270
+127152
+129418
+116120
+85020
+44392
+24002
+21804
+18256
+13040
+2052
-15828
-44702
-70906
-84968
-76460
-72656
-75000
-80532
-80982
-78184
-74040
-75986
-77996
-85504
-101408
-100008
-100966
-102944
-108220
-107608
-115492
-112434
-97584
-90160
-91300
-99030
-88800
-79274
-71408
-66936
-63410
-72146
-78122
-61844
-41874
-22502
-25928
-43404
-62460
-62778
-47490
-26070
-8212
+18204
+38380
+52304
+64668
+63546
+63196
+62742
+73532
+86788
+108594
+121564
+126820
+133868
+131252
+128560
+118174
+92712
+64760
+22692
-17740
-34358
-34594
-36156
-36322
-38316
-52400
-73664
-88494
-93722
-74050
-59374
-52950
-44508
-58400
-78912
-98340
-105088
-94884
-73972
-64580
-72310
-75208
-82388
-75902
-66492
-54856
-41066
-32274
-10762
+15350
+34842
+46128
+49306
+48308
+42758
+33884
+23076
+11022
+4980
+3122
+5040
-9060
-27748
-38710
-42826
-35410
-36120
-36930
-39498
-39164
-41278
-38078
-31962
-28216
-13748
+7362
+11882
+14148
+16028
+19962
+27294
+29410
+14432
+10264
+3162
+6086
+25710
+43474
+50680
+41078
+33406
+8226
-12558
-25234
-19938
-8248
+600
+5924
+3538
-680
+4062
+8140
+17296
+19426
+17952
+23890
+32980
+43422
+41612
+41354
+42806
+30344
+11720
-4086
-6106
-6712
-6682
-12002
-18132
-23540
-19264
-6730
-9410
-22764
-34408
-43130
-40202
-28442
-27592
-24466
-33938
-55208
-76042
-89258
-89998
-89728
-76474
-66100
-64318
-60336
-57072
-42210
-22724
-576
+9532
+9302
+16538
+28410
+37020
+46750
+57582
+65606
+78766
+84982
+80854
+72612
+77320
+73080
+88260
+95480
+87696
+80046
+66180
+52234
+32986
+16148
+9710
+16152
+17018
+5642
+2080
-9794
-9616
-3230
+6168
+9346
+8846
-2534
-19978
-30782
-32686
-16950
-6900
+4180
+6464
+1384
+1010
+2392
+14170
+28984
+37000
+39256
+45470
+62092
+74252
+83540
+79436
+69262
+61242
+52494
+50638
+41082
+21678
-6816
-35368
-57722
-64186
-60410
-50494
-48294
-56746
-62084
-64224
-58166
-43622
-24954
-19280
-33488
-41022
-40322
-32390
-22146
-12232
-11452
-12322
-13536
+2100
+16332
+29938
+40892
+55176
+55880
+64204
+77960
+79676
+82298
+80468
+76212
+73218
+72866
+74538
+70896
+59826
+50314
+31952
+15332
-2654
-12018
-22738
-30950
-38246
-34714
-33456
-33222
-35628
-32740
-20794
-4926
+15512
+27790
+30942
+22062
+13620
+7372
+14720
+30772
+39902
+45628
+41934
+28332
+18322
+2530
-7280
-5100
+10096
+29322
+44534
+50022
+46502
+37186
+30284
+19006
+9322
+380
-478
+2356
-214
-6686
-17604
-22922
-28900
-18294
-4776
+12378
+16672
+8442
+618
-7676
-11442
-21548
-25814
-28698
-25878
-17498
-13954
-7376
-10184
-1656
+4708
+6536
+2892
-3940
-3954
-686
+2402
-450
-10282
-26062
-30824
-32440
-22724
-10020
+2590
+14236
+24934
+23666
+15840
+21178
+40580
+61610
+68454
+70738
+66012
+55592
+47276
+44990
+45686
+41536
+33976
+15262
-7390
-11436
-9828
-13814
-9590
-3924
-7392
-2654
-2390
+3760
+7582
+2282
-8922
-20948
-13404
-8122
+2576
+7096
+7028
+3634
-2126
-8536
-13684
-18990
-22228
-35414
-55180
-65598
-67750
-58780
-44360
-27792
-21762
-22682
-22488
-22758
-24858
-29058
-30358
-22938
-9470
-11414
-13788
-27648
-48448
-56038
-51524
-39488
-22474
-11214
-8040
-7288
-4130
+6018
+18458
+27368
+29768
+34318
+35276
+31334
+27650
+24052
+26038
+22876
+33684
+39400
+36376
+26662
+17740
+14850
+8520
+4512
+11394
+14560
+17230
+14316
+5266
-9938
-23868
-30688
-32666
-28252
-26690
-28974
-40854
-51398
-48232
-48568
-40960
-42130
-47136
-58668
-70968
-75132
-68216
-62782
-49772
-32888
-24676
-19092
-18408
-19436
-24910
-21446
-15364
-8192
+422
+6114
+1542
-15226
-18218
-16580
-84
+6654
+3726
-5366
-23250
-28610
-20962
-6690
+4824
+13020
+4120
+1100
+2846
+6304
+9314
+3280
+1618
-1484
-11446
-20196
-37828
-48506
-53236
-62036
-54632
-44870
-41714
-42758
-50342
-61818
-59178
-44280
-35754
-27400
-34200
-31422
-22250
-22418
-31898
-34498
-38816
-37470
-31706
-32336
-33252
-42320
-43970
-41100
-26922
-19578
-13130
-11056
-11756
-6168
+2196
+6652
+3654
-3556
-10286
-22296
-38240
-51880
-70392
-81912
-80614
-64680
-55024
-44878
-38756
-30490
-24096
-20802
-14942
-13136
-8420
-5848
-4090
+2502
+4880
+12526
+6370
-3516
-8164
-13548
-17488
-11074
-6802
-880
+2478
+4326
-3586
-20122
-29644
-38544
-33858
-21706
-9894
-14982
-28910
-31998
-42854
-40304
-41526
-44646
-38228
-42400
-45254
-56188
-75418
-89580
-105842
-104404
-96442
-86910
-73066
-66964
-68340
-69384
-65338
-61252
-52850
-49168
-48046
-50298
-46460
-48316
-49624
-50796
-48742
-46046
-42482
-41504
-42010
-41204
-33480
-29652
-24096
-11074
+1822
+17818
+20944
+18828
+11346
+4876
+2304
+1600
-3338
-6016
-8218
-18846
-32356
-46822
-55022
-65204
-70528
-74570
-66302
-48328
-41054
-29754
-24368
-26960
-30554
-33204
-27566
-25736
-29358
-38854
-57488
-74414
-81568
-88522
-90196
-103136
-119124
-122370
-118436
-107026
-94226
-89432
-88768
-91878
-88592
-86106
-81998
-74226
-62942
-57566
-49580
-50728
-59268
-57652
-59746
-59176
-55940
-52834
-37422
-32968
-35852
-46878
-44824
-41266
-44546
-45190
-40792
-32406
-28020
-28456
-35290
-35966
-38502
-45486
-36886
-32730
-32126
-33832
-34902
-30214
-35564
-33980
-37770
-42702
-40148
-37902
-35624
-39458
-48864
-56542
-65122
-69320
-71368
-76458
-84128
-85268
-78168
-70698
-65770
-62756
-56866
-59754
-69596
-70876
-70890
-78778
-83310
-81062
-80878
-75038
-80312
-84644
-87008
-88186
-86006
-78306
-72152
-67808
-61674
-61134
-49218
-43298
-49950
-56816
-65770
-69260
-66660
-63994
-61642
-56546
-55320
-48342
-40562
-38056
-47224
-57278
-63342
-64304
-64468
-63896
-67896
-63572
-56556
-65192
-66546
-63484
-66282
-68168
-76976
-78496
-64984
-59138
-49514
-53402
-69208
-77444
-82900
-80144
-75552
-70962
-65948
-54590
-49420
-49014
-45880
-40992
-43980
-44386
-44666
-43668
-44282
-54466
-59000
-59496
-55708
-48426
-51298
-48578
-56008
-69412
-78010
-74012
-78124
-78104
-84424
-84862
-87464
-89752
-84118
-76998
-80716
-78196
-66626
-63338
-62568
-72192
-80406
-95758
-108620
-110388
-109112
-98258
-84460
-75180
-71820
-77186
-88508
-97774
-105654
-103004
-94720
-86706
-80404
-91110
-105922
-103448
-107764
-104722
-105894
-101912
-99830
-92478
-84826
-80956
-73836
-68600
-69268
-65552
-58516
-51700
-40164
-46460
-54128
-59162
-56730
-43902
-23472
-1342
+12662
+8794
+1978
+434
+2186
+4866
+6990
+9334
+382
-7728
-13004
-20460
-37334
-54328
-68320
-79206
-82014
-92272
-100424
-102546
-105684
-98084
-86726
-82532
-76646
-75150
-79168
-80840
-73790
-73464
-73630
-76858
-90730
-88342
-93254
-93436
-95424
-97606
-100964
-95056
-92356
-87854
-77084
-66412
-52928
-40796
-32988
-20754
-22080
-23108
-22582
-24628
-26380
-30238
-32190
-26922
-19462
-11596
-14120
-27254
-40092
-52666
-58168
-56614
-53374
-58342
-64778
-64234
-66590
-64358
-61530
-61430
-52930
-55264
-51142
-48338
-50016
-49844
-49382
-49272
-40998
-43040
-50032
-50642
-47462
-45162
-48320
-45780
-48818
-44662
-33334
-17132
-4608
+10964
+16356
+12792
+15334
+18056
+12110
+1366
+704
-496
-1886
-2142
-5720
-18704
-33480
-41690
-52092
-57652
-55684
-57864
-62114
-72940
-63510
-51944
-45514
-38938
-39104
-43880
-56420
-62170
-55028
-55870
-63064
-71510
-79854
-79356
-78316
-78674
-69496
-64192
-52520
-38602
-32958
-34580
-34776
-35618
-26530
-17300
-8244
-5562
-2852
-8052
-11946
-18516
-28152
-32038
-28068
-15090
-6574
-140
+7898
+2630
-3300
+1604
+3882
+5378
+10486
+10650
+4926
+5812
+8018
+7276
-488
-6354
-12886
-18346
-16668
-17628
-10580
-11258
-25370
-24030
-16666
-11784
-10916
-6008
-8360
-15578
-16520
-8122
-7240
-12224
-5982
-7750
-11486
-19524
-27318
-34014
-33206
-23798
-15322
-11606
-566
-1060
-11204
-19458
-22076
-22882
-19368
-7996
+3152
+21304
+27158
+10920
-5904
-19128
-15054
-5724
-2754
-1226
-8004
-6768
-17878
-17246
-23010
-21086
-13728
-15046
-9742
-7182
-2236
+776
+2
+12650
+16908
+19532
+24330
+26006
+29668
+27510
+37650
+46510
+54512
+65198
+65746
+57466
+50924
+36410
+26868
+21558
+31322
+43858
+46408
+35258
+11162
-13248
-36606
-42704
-41234
-33788
-23200
-22544
-27170
-34376
-54050
-57974
-54828
-41956
-25892
-15102
-13004
-17014
-13834
-7280
+8590
+21590
+25780
+32102
+34108
+39018
+40242
+42876
+42468
+43786
+48014
+56724
+68340
+58176
+55338
+63996
+64566
+80114
+86848
+81232
+77220
+71706
+56378
+46622
+36578
+19846
+6440
-6090
-11668
-15292
-20534
-22508
-20376
-13250
-15594
-12126
-13432
-16974
-19746
-23550
-15180
-9190
-5580
+438
+2782
+7946
+5174
-1648
-1340
+8784
+27922
+49948
+63554
+65816
+60098
+55086
+64754
+81998
+93866
+98292
+97816
+98786
+94974
+81940
+70880
+68508
+63840
+57598
+50806
+35404
+18918
+9774
+114
-1718
+620
-7560
-12506
-16400
-17342
-16220
-15800
-14582
-13448
-10436
-7504
+1626
+3196
+3080
-3322
+6396
+22144
+43230
+60540
+57770
+49636
+45914
+48224
+59164
+74092
+79108
+80036
+87692
+94712
+93766
+92466
+80794
+62180
+52272
+48628
+50160
+43482
+36760
+21166
+12606
+6218
+8042
+11864
+9430
+9332
+2622
-8798
-17624
-6630
+8462
+17326
+21572
+23494
+21754
+20244
+20200
+21070
+36994
+44702
+53490
+62550
+57236
+43850
+43656
+33876
+33662
+41036
+48172
+54568
+56754
+62130
+69458
+69268
+51540
+40380
+35394
+37414
+39158
+39780
+28974
+18612
+13602
+12086
+16218
+18784
+18910
+22612
+23344
+24866
+31972
+44644
+56564
+62046
+56580
+56904
+50510
+45036
+40160
+42664
+52782
+62910
+76112
+80092
+89606
+90970
+90208
+102914
+112572
+108674
+104028
+99488
+95890
+97802
+79716
+68654
+65454
+57574
+49308
+42738
+31688
+14424
-1296
-9236
-11212
-5604
-1062
+3440
+13320
+18186
+16344
+14176
+8302
+13216
+12086
+15728
+23800
+25432
+32998
+40762
+45142
+51918
+58176
+59166
+66230
+79510
+84706
+86168
+88870
+91554
+88754
+96704
+105682
+106224
+104576
+99250
+96854
+90656
+89180
+85268
+79986
+77836
+70066
+59676
+49852
+39708
+31044
+29948
+28340
+23346
+17126
+23082
+31846
+38644
+40848
+38462
+37220
+32680
+37604
+42692
+55854
+62786
+60338
+55594
+54618
+50482
+48370
+45520
+50596
+54208
+55304
+64592
+67788
+75302
+67856
+56742
+47270
+41590
+34510
+35880
+36206
+39606
+41870
+38072
+35520
+25512
+22444
+20516
+19358
+30534
+48718
+65892
+78718
+88560
+82544
+69044
+55830
+47690
+49430
+56494
+57704
+53636
+53202
+48960
+42952
+43120
+50200
+52594
+54540
+54646
+58422
+52742
+57708
+58144
+55290
+55706
+56244
+55116
+57470
+59370
+53728
+40542
+38868
+45416
+51732
+56226
+52476
+49528
+36208
+35918
+43316
+54392
+65166
+60486
+53584
+41878
+38118
+41214
+42808
+45784
+46712
+31192
+20070
+13200
+4562
+16678
+26310
+39784
+39562
+40164
+38284
+34062
+34232
+30256
+27150
+17372
+17478
+14672
+13734
+10204
+10988
+14702
+19100
+34120
+37074
+37052
+37494
+30898
+26572
+33166
+42832
+48254
+49746
+47990
+38454
+33606
+36654
+37508
+40784
+34480
+34430
+37204
+37034
+27750
+26604
+29006
+25102
+31942
+33500
+35066
+32752
+29050
+28034
+35466
+45068
+51122
+51534
+58524
+71322
+69690
+59082
+46026
+39306
+40938
+41084
+40632
+27158
+22202
+19324
+16990
+27252
+28722
+32198
+33002
+26222
+11784
+8302
+9346
+3744
+784
-4748
-7566
-17244
-30224
-37786
-40372
-41106
-40082
-29410
-19502
-8550
+648
+708
-824
-64
+1678
+660
+2784
+2656
+11448
+23126
+31342
+39476
+45864
+40430
+41790
+37986
+35858
+37720
+40752
+42634
+43932
+36842
+30854
+28196
+31798
+34006
+27862
+28366
+24026
+14244
+19860
+21104
+17632
+16346
+16500
+15322
+17696
+18412
+26180
+32622
+30216
+22356
+16388
+24214
+28368
+31810
+37190
+34378
+33552
+33654
+30260
+24274
+15774
+1006
-8594
-11590
-6176
-8358
-13920
-22550
-31024
-34578
-26520
-19488
-14632
-20252
-31914
-34880
-37598
-30468
-25742
-23426
-22286
-17960
-10732
-8984
-9208
-11714
-9140
-4212
-1344
+2826
+9634
+21540
+22332
+23478
+26160
+30360
+17268
+15534
+17744
+34180
+41518
+48906
+49144
+43340
+39024
+28016
+20748
+12720
+8376
+4166
+14278
+22764
+22994
+16468
+8482
-4888
-17596
-22830
-16784
-7926
-7852
-8490
-9192
-14560
-24162
-34500
-33752
-32178
-26364
-31358
-30862
-30232
-21858
-12516
-17582
-17808
-22128
-17818
-14768
-7960
+824
+3586
-3072
-646
-3070
-7996
-6094
-3866
-1826
-2786
+1966
+8610
+7586
-496
-6962
-23660
-29314
-30134
-25652
-20028
-24414
-33866
-42456
-38214
-33404
-30666
-23354
-15568
-17934
-23858
-23046
-19520
-17996
-11962
-5662
-4214
-1250
+442
+3442
+154
+7060
+18174
+18460
+19554
+23530
+21064
+10294
+1490
-8124
-9334
-9700
-9138
-9474
-9014
-16336
-22594
-16708
-26764
-31880
-37920
-53248
-62364
-60724
-61810
-61268
-60686
-63596
-55642
-52210
-51304
-46226
-46824
-40230
-40234
-36648
-37122
-39242
-42566
-47352
-39770
-22960
-17226
-5660
+632
+8414
+4056
-896
-6348
-9140
-4656
-2616
-4830
-3944
-10268
-20492
-27730
-34504
-24062
-17640
-18180
-20902
-24696
-32256
-35804
-42980
-47584
-47244
-47450
-45362
-37980
-35222
-25640
-31026
-39240
-38732
-35006
-26704
-32344
-37786
-33868
-33690
-33768
-33014
-32170
-33846
-33148
-36392
-45150
-39814
-36490
-37834
-36076
-36138
-42796
-49428
-44924
-50150
-49078
-45442
-36130
-27180
-20988
-17868
-16244
-12996
-13396
-7808
-2642
-10750
-20402
-28148
-37648
-43312
-42306
-40728
-30826
-19854
-17694
-22558
-28486
-24570
-22186
-18204
-14182
-13066
-15782
-15506
-23604
-27758
-28494
-24142
-25198
-31222
-30296
-31440
-35074
-36818
-33716
-29952
-27356
-24764
-20086
-12912
-13676
-14486
-16952
-20490
-20944
-18918
-20424
-13250
-8912
-7424
-10040
-13656
-14466
-20116
-29882
-29762
-30928
-33908
-33564
-41540
-51448
-51386
-51970
-51148
-44958
-41978
-35556
-26836
-15742
-14988
-10306
-8900
-3044
-6330
-10454
-6754
-11044
-12956
-12096
-7788
-3360
-234
-9230
-15384
-16724
-21980
-16392
-14960
-16250
-14156
-12424
-16682
-18780
-20744
-28760
-25304
-26222
-34280
-25420
-25244
-23276
-17192
-15262
-21460
-31574
-36810
-44770
-37444
-26972
-24334
-20474
-24678
-25088
-32002
-27808
-17632
-9552
-1626
-3138
+4306
+6832
+7810
+10498
+13098
+10446
+5910
+6050
+5818
+3132
-298
+1116
+6690
+9682
+2080
-14218
-20270
-27176
-32378
-22372
-7296
+588
+5376
+1604
-4356
-13212
-21128
-19796
-17318
-11808
-10360
-7662
-9192
-10244
-19814
-30148
-25154
-12288
-938
+13550
+22754
+23756
+14096
+12104
+6060
+770
-948
-3832
-5316
-12926
-20002
-20834
-12952
-1464
+7696
+16388
+18536
+12526
+11932
+23398
+38080
+41442
+37820
+35378
+25200
+4346
-4538
-11920
-13306
-15776
-17692
-15188
-22644
-22978
-23818
-19356
-11410
-1754
+8518
+14886
+14208
+11512
+7066
+3388
+9570
+17646
+17478
+20624
+18804
+10892
+11214
+2330
+1756
+7020
-18
-6664
-10646
-12020
-16032
-16516
-6800
-2804
-1594
+9878
+17902
+21830
+20684
+13222
+4578
+2556
+660
+15220
+27850
+23966
+15294
+13042
+16142
+16058
+23056
+25926
+25240
+31130
+32242
+31178
+31162
+20758
+18638
+19452
+20390
+17530
+15556
+17278
+22378
+21272
+24326
+32772
+27432
+30642
+29706
+25682
+17058
+18930
+21166
+27942
+25668
+14778
+15674
+8190
+3970
+3660
+11772
+23532
+22436
+25386
+24662
+23980
+30684
+39794
+39424
+44484
+38598
+29404
+28668
+21098
+16832
+15690
+11302
+7410
+14894
+11958
+14150
+17702
+14896
+6832
+2328
+1534
+7242
+12260
+15658
+19308
+14548
+18460
+19038
+14614
+8220
+15756
+23884
+28862
+37890
+34872
+39930
+43340
+40186
+36850
+39518
+44484
+47810
+48266
+46206
+46106
+45214
+50828
+52188
+53582
+47600
+41356
+45580
+48754
+46628
+46398
+39570
+32260
+30438
+32348
+29052
+28836
+31882
+34462
+33394
+28602
+37128
+38432
+34560
+35666
+29584
+19858
+18614
+22458
+26878
+27584
+29062
+29544
+32214
+32658
+30702
+28850
+23042
+15548
+13610
+19822
+24838
+36428
+35518
+21356
+9276
+7708
-1418
-1832
+5658
+7474
+13258
+16418
+23576
+24300
+23564
+20662
+13256
+13332
+14518
+16526
+23040
+21502
+23702
+33386
+32936
+31072
+38662
+43376
+47676
+44782
+51056
+53952
+58624
+57224
+53472
+56262
+43454
+37172
+30650
+30402
+32404
+34662
+36416
+35388
+35342
+39586
+46588
+43740
+33602
+33636
+24082
+23260
+19538
+14356
+12062
+3670
+5148
+6354
-626
-2490
-2270
-654
-8724
-3998
+9272
+11176
+10780
+13204
+14042
+23836
+28632
+33364
+33246
+26798
+17508
+14256
+17414
+20052
+19604
+21904
+21922
+16298
+21700
+19632
+24302
+20920
+20576
+15144
+16754
+13364
+9228
+11946
+11418
+6990
+262
+6454
+11888
+19674
+19280
+17082
+20424
+12578
+7744
+11634
+23930
+27244
+26402
+32160
+30314
+30824
+34436
+32270
+36416
+40306
+33690
+27006
+23038
+22186
+12010
+5498
+7780
+1292
+1834
+8516
+11380
+2390
-2410
+896
+5736
+14994
+22932
+26794
+24610
+22954
+22770
+20706
+11270
+2594
+1956
-1288
+1512
+5172
+10890
+11984
+11634
+9226
+14412
+12068
+17916
+27558
+29720
+34640
+37694
+36192
+37942
+41918
+39400
+33274
+24480
+18900
+9636
-360
+340
-4960
-564
-3126
-3306
-5210
-5362
-5120
-6530
+3248
+8592
+15502
+12654
+11926
+15004
+16826
+13612
+12774
+9848
+4620
-2846
+1008
+5902
+6872
+6594
+10364
+9228
+7916
+11238
+14312
+16644
+20052
+25986
+25120
+23014
+21564
+17502
+21212
+27144
+29778
+32206
+30514
+20230
+6822
+2700
+7020
+9730
+6670
+988
+5888
+8754
+13984
+14138
+8504
+7792
+9950
+20098
+32938
+36642
+39230
+42792
+30176
+16938
+9720
+4912
+4484
+1630
-2938
-10736
-17324
-13150
-14750
-15074
-7356
-4730
-1734
-5440
-2572
-1850
+4348
+2528
+934
+4664
+14356
+16200
+17646
+18888
+18898
+16940
+15140
+16286
+15068
+11600
+12768
+12476
+20956
+31834
+37030
+39908
+28784
+23636
+21060
+17464
+16082
+17294
+11844
+7818
+15610
+12166
+2340
-10374
-11534
-15538
-14080
-10684
-7716
-10906
-14660
-16324
-18790
-25578
-26934
-19016
-11114
+1696
-280
-316
-8668
-8638
-4936
+1668
+6818
+15940
+20960
+19476
+9924
+4706
+5020
+6076
+7964
+5674
+11540
+9676
+7646
+11454
+9412
+12158
+10186
+6128
+7420
+10484
+14404
+16374
+15586
+14538
+7430
+3512
+6162
+3742
-1072
-6844
-14710
-12296
-8546
-1514
-728
+2958
+5732
+8940
+12192
+18882
+17716
+12024
+7574
-286
+1124
+682
+5384
+7842
+13932
+16008
+13650
+16934
+12148
+12508
+10846
+3538
+2936
-1334
+8224
+7042
+9970
+15098
+12612
+13402
+14388
+15434
+14050
+7116
+12060
+15270
+14138
+10298
+3260
-2608
-6276
-2530
-2628
-7280
-7950
-5968
-1566
-2502
-7718
-9346
-15162
-19110
-14650
-20876
-20624
-18460
-16832
-20346
-24202
-22804
-23240
-24078
-19474
-14734
-14744
-10404
-4780
+2600
+13496
+10338
+16322
+18914
+20716
+16892
+14110
+20960
+31912
+35192
+36164
+32720
+31766
+30636
+30246
+30026
+26650
+27874
+22228
+11332
+10632
+9518
+3640
+1940
+5420
+3096
-5202
-9824
-9254
-9888
-3844
-2362
-6906
-13618
-14958
-21050
-26324
-29794
-26024
-26978
-32658
-33366
-37332
-37774
-34480
-31970
-31138
-26046
-25620
-28436
-27342
-32522
-22704
-19748
-13998
-4532
+384
+7146
+1546
+1336
+5024
+972
+1124
-5246
-8044
-4630
-2876
+6202
+21004
+14642
+9468
+7660
+794
-7112
-10432
-9962
-7660
+260
+732
-3602
-330
-4268
-10602
-11434
-11374
-10406
-8862
-14518
-19428
-25418
-25726
-29390
-28970
-26688
-27468
-26404
-26550
-25376
-21688
-18054
-18496
-15976
-10288
-10346
-12928
-11908
-8542
-4170
-3064
-5368
-2992
-7416
-7836
-3910
-474
+5832
+2252
+5822
-96
+3206
+964
-6086
-9720
-15710
-12748
-8528
-7474
-5224
-14774
-18368
-20172
-20206
-24496
-21066
-22804
-29138
-29040
-27034
-22492
-25838
-27650
-31376
-29364
-26840
-29458
-30100
-31054
-29840
-25352
-23770
-30726
-33380
-33716
-34894
-36928
-31368
-30274
-34490
-30480
-29018
-30960
-26410
-22594
-21920
-17114
-5732
-5296
-11322
-18210
-21834
-16810
-9468
-1084
-3720
-1630
-124
-1496
+2082
-1868
-15264
-21032
-25152
-33292
-33678
-39732
-35976
-34212
-38450
-41460
-36228
-29368
-29732
-26848
-23624
-21068
-18716
-14608
-15084
-26142
-30126
-38958
-40618
-34448
-41012
-40226
-43708
-50058
-52358
-45986
-44312
-38782
-35536
-31930
-28992
-24078
-33236
-37388
-43644
-44960
-40962
-38910
-40464
-33626
-26360
-32108
-35946
-38548
-45222
-45044
-33056
-23382
-19176
-14524
-9844
-4332
-11366
-15914
-9342
-3000
+4608
+7972
+10968
+16582
+19316
+22938
+12576
+13004
+4466
-2942
-1958
-9002
-20218
-26490
-27170
-26450
-26630
-29672
-27936
-32656
-35590
-36770
-32658
-38662
-46902
-55982
-60916
-58304
-54638
-44698
-46958
-42686
-41052
-36162
-31358
-33708
-32922
-30310
-30106
-23314
-9870
-2672
+1358
-5588
-11732
-17512
-23756
-19434
-12040
+2314
+3456
+2268
-3836
-16948
-19928
-24752
-23900
-22634
-19654
-16898
-11388
-12396
-11154
-13488
-15678
-16674
-10462
-9638
-5594
+2090
+2352
+3274
-328
-3164
-10908
-13710
-11554
-14214
-14576
-11596
-14170
-15390
-14494
-13306
-15758
-15400
-18932
-20190
-15784
-9566
-5548
-15346
-25730
-31334
-40058
-46198
-46588
-43552
-37494
-34940
-32832
-26412
-19348
-18364
-21796
-28372
-26164
-22652
-23274
-16694
-14348
-13008
-15090
-19376
-16510
-13998
-10554
-9596
-8534
