-11026
-2072
-2098
-106
-5736
-4460
-6044
-7094
-5824
-7580
-4910
-4902
-5124
-6704
-910
-852
+5840
+4772
-1260
-5474
-9088
-2534
+48
-8878
-9712
-9692
-12574
-16284
-11074
-6630
-6312
+22
-2792
-1134
-2952
-8458
-10746
-14944
-17818
-18284
-20522
-17324
-15284
-18384
-17572
-18562
-9988
-9782
-9554
-10160
-11546
-7770
-12438
-12724
-14182
-12918
-12596
-8864
-6986
-8970
-6858
-5664
-7958
-13364
-11026
-2072
-2098
-106
-5736
-4460
-6044
-7094
-5824
-7580
-4910
-4902
-5124
-6704
-910
-852
+5840
+4772
-1260
-5474
-9088
-2534
+48
-8878
-9712
-9692
-12574
-16284
-11074
-6630
-6312
-8390
-10222
-9886
-10854
-4608
-3254
-2592
-3252
-4980
-6110
-3852
-10606
-6814
-5394
-788
+254
-3186
-2304
-5300
-6484
-9564
-10694
-6726
+5806
+6728
+1500
+160
-6350
-7038
-8220
-5920
-2608
-1970
-4492
-7058
-9244
-10532
-7672
-1868
-6354
-1416
+4504
+3406
-232
-1874
-5094
-7818
-6478
-11520
-17056
-13384
-9752
-10814
-4252
-1308
-170
-2010
-390
-156
-3756
-1908
-9846
-5680
-6588
-7168
-6540
-8474
-8612
-8694
-11630
-11000
-5798
-6144
-2606
-6676
-5706
-3958
-5798
-3920
-9788
-8414
-5328
-7356
-11172
-7886
-8570
-11004
-9026
-4692
-5910
-7920
-8074
-13918
-9524
-4676
-6046
-6460
-5036
-3134
-3334
-8658
-6956
-3196
-4714
-6476
-2756
-4880
-13816
-15312
-15662
-12366
-10192
-13770
-14320
-8530
-7508
-5878
-2468
-266
-3204
-2302
+1842
+8710
+4264
+1884
-2130
-8856
-9748
-7332
-5652
-8964
-11960
-13160
-16676
-14362
-13136
+1614
+87790
+201554
+318142
+365092
+276572
+189306
+73866
+19154
+46274
+76464
+88606
+32828
-92664
-324380
-629668
-876264
-970680
-869388
-687544
-524278
-441122
-461722
-532592
-550876
-481612
-328642
-158642
+10898
+207244
+473102
+766254
+1034868
+1138120
+1068796
+958518
+847658
+840596
+923124
+1001930
+1011756
+863572
+517544
+65468
-350810
-577294
-556366
-454154
-345500
-358794
-522522
-658472
-615112
-376486
-50644
+128048
+86128
-39480
-204498
-275070
-189554
-125352
-221122
-475734
-725794
-776288
-690210
-518996
-310290
-179172
-38806
+108730
+265934
+291884
+190288
+85248
-63040
-122186
-118788
-98774
-53698
-34964
-36294
-41328
-12220
+33326
+110844
+218902
+302246
+337318
+351630
+340090
+321498
+293936
+245050
+182028
+88588
+5198
-43988
-54578
-35380
-23464
-43564
-94300
-126614
-115424
-45170
+40908
+94880
+115820
+107880
+96094
+86972
+70284
+45424
+20478
+12772
+9574
+11366
+4138
-536
-21026
-38702
-42202
-51720
-75318
-106366
-131644
-141498
-148166
-146322
-136678
-124306
-92224
-45328
-2330
+34332
+72012
+96894
+110116
+127104
+128548
+108296
+75510
+25072
-18548
-78032
-142684
-186144
-204208
-190222
-164962
-138128
-117674
-112218
-99288
-58602
-7184
+44250
+92370
+115764
+129970
+155188
+189710
+212776
+211778
+190934
+168308
+141328
+123918
+115884
+95590
+49282
-24332
-100598
-167762
-212442
-212680
-172446
-122278
-70886
-31388
-11740
+11206
+38980
+78276
+104578
+111118
+104372
+79190
+60102
+49878
+33276
-5876
-68400
-143878
-198770
-203606
-173892
-122138
-70022
-26506
+12810
+43112
+69720
+66944
+52376
+37124
+21016
+21180
+21378
+17200
+1736
-16182
-17440
-13294
-10952
-7256
+10250
+24558
+33820
+13714
-13720
-40128
-56208
-35084
-6436
+19936
+30962
+12582
-11782
-16102
-3244
+23340
+48944
+49924
+38990
+24086
+21156
-750
-28096
-43350
-46532
-29884
-2218
+13380
-2046
-20276
-37034
-43106
-38252
-37844
-28040
-25892
-25984
-23352
-36608
-50322
-52312
-38410
+6076
+49616
+64634
+67442
+37226
+8216
+12854
+31984
+74066
+92606
+88282
+74874
+73008
+70954
+67684
+43240
+22512
+14654
-4572
-32888
-71558
-114728
-150804
-161556
-134882
-93754
-49858
-9576
-1798
+4938
+8622
+2956
+862
-6304
-4656
+12952
+41900
+68084
+73452
+55446
+19162
-8824
-22398
-15936
-2366
+10754
+16642
+17156
+23134
+21992
+14952
+13266
+12760
+15448
+28264
+40044
+53428
+54078
+25216
-14106
-51278
-87794
-103158
-106112
-101802
-87314
-78172
-79096
-78862
-90688
-99090
-97006
-89640
-76794
-49358
-26822
+2636
+14024
+20868
+25528
+24606
+28820
+36172
+62028
+90048
+104060
+105730
+90974
+61668
+32614
+12220
-270
-11626
-12418
-5046
-8670
-1762
-10900
-30696
-44234
-55604
-45756
-27392
+7102
+41398
+50662
+47984
+34350
+21016
+27948
+46732
+51706
+45034
+29490
+5524
-444
-6168
+2138
+7036
-520
-17132
-39058
-55840
-57198
-50328
-46376
-53378
-65082
-61960
-49674
-34756
-21356
-4368
+37572
+46644
+34354
+35284
+9226
+19722
+31880
+50930
+68208
+40754
+18250
-7788
-43848
-75536
-69144
-59688
-49086
-25310
-27634
-30442
-36736
-37544
-47420
-43288
-26098
+4838
+24078
+44992
+83236
+102716
+70560
+30246
-18014
-60652
-54298
-18234
+39960
+58924
+48688
+22210
-23432
-74502
-37596
+20308
+40750
+94356
+84774
+78036
+66442
+51678
+99178
+111154
+71484
+13648
-52034
-139286
-132998
-111886
-84352
-70986
-153272
-233036
-253190
-228586
-109546
+22708
+52078
+53850
+29046
+18854
+45094
+87434
+130654
+123752
+101320
+59814
+34200
+54350
+105178
+146920
+132814
+65990
-15392
-69398
-44600
+25842
+65484
+61102
-14644
-89126
-140592
-168458
-114712
-62132
-73448
-103254
-135424
-169968
-189974
-161412
-120720
-76896
-58522
-26928
+37940
+89656
+139740
+176800
+169654
+142800
+132762
+133430
+140546
+143458
+118330
+80234
+25560
-30840
-58734
-75232
-90826
-97084
-99752
-117334
-119094
-93008
-62176
-43392
-45362
-53220
-41024
-23784
+5794
+19924
+11152
-10262
-17084
-23210
-24232
-8496
+4762
+14894
+35780
+44036
+42582
+30344
+29326
+31564
+23956
+23102
+30438
+10670
-4686
-8708
-6644
-3146
-22260
-41098
-74302
-112934
-129470
-139350
-138326
-141542
-128890
-110950
-91102
-59714
-18930
+18152
+36616
+49052
+59788
+79144
+118216
+165836
+184138
+182966
+164034
+138222
+119970
+103494
+96122
+81132
+53952
+31440
+9796
-12118
-25650
-42648
-62608
-95446
-136590
-160714
-169418
-173266
-162776
-151610
-134390
-116556
-84288
-44300
-2938
+22420
+37612
+36644
+24634
+30102
+31214
+19462
-3132
-29066
-46112
-44588
-26878
-10522
+18250
+38720
+57384
+78516
+85218
+109444
+112366
+94738
+58492
+3052
-27392
-18904
+13258
+43138
+44638
+26216
-6648
-22672
-10092
+18458
+40396
+31880
+5628
-19664
-46880
-63696
-68368
-74306
-93186
-111094
-119890
-117406
-82234
-39678
+1440
+39300
+51194
+36750
+12238
+5664
+27250
+57072
+72822
+63736
+41382
+34652
+50584
+80898
+104966
+116566
+111128
+91434
+71950
+53680
+45950
+25424
-8706
-49156
-85762
-100296
-109134
-111706
-100316
-97928
-95246
-87122
-83510
-85424
-81576
-59142
-30668
-28350
-37376
-39594
-48870
-35976
-14818
-7360
+8948
+11420
+22296
+30166
+17716
+9836
+2272
-2498
+8096
+43102
+84336
+89274
+67342
+36148
+3272
-3730
+7254
+48848
+81302
+106954
+126216
+112086
+68682
+24696
-2136
-21210
-14734
-15924
-26352
-34136
-46456
-60192
-80656
-101740
-107932
-97700
-78356
-26034
+8990
+29524
+31474
+2776
-16534
-33336
-43666
-48756
-47442
-47936
-30390
-9912
+3118
+7256
-1918
-6792
+712
+1420
+22132
+52986
+51694
+54812
+47850
+29892
+5484
-3958
+6764
+19326
+33756
+31552
+17498
+13952
+3940
+2568
-2720
-17284
-23498
-35506
-23878
-2080
+6228
+5336
-15108
-27894
-30296
-23142
+890
+18250
+31824
+19226
-6024
-30842
-62112
-79268
-85924
-84568
-74160
-61976
-52330
-45234
-29110
+5418
+36700
+66244
+85880
+96114
+100348
+105088
+113694
+104758
+79772
+47990
+22608
-7966
-27736
-26692
-20302
-21510
-36522
-62416
-79996
-94788
-93354
-85646
-77518
-59632
-42916
-38394
-42624
-60826
-79906
-73938
-51386
-15420
+19002
+32630
+30488
+35044
+38580
+55062
+58068
+40088
+27084
+15334
+28570
+52194
+61034
+31794
-15668
-46666
-56908
-40804
-11576
+5944
-3296
-33370
-60460
-74644
-69176
-46808
-23098
+908
+28260
+55008
+81132
+90638
+78800
+61162
+43074
+30244
+24946
+28886
+27110
+23382
+2264
-36818
-81866
-111704
-119216
-88072
-50666
-25254
-9362
-186
+16508
+31216
+30906
+18788
+2554
-11464
-6764
+20554
+44068
+47048
+5558
-53204
-91030
-86782
-46550
-7064
+18462
+20532
+3554
-838
-434
+3096
+7786
+13010
+17730
+19378
+31212
+47410
+69354
+85776
+71286
+41298
+12602
-1336
+12090
+30578
+40620
+44532
+38542
+6302
-30474
-50034
-67592
-63270
-45012
-32632
-31092
-32524
-29808
-27964
-40300
-49420
-43446
-35682
-14138
+588
+10768
+9696
+2688
-3938
-10644
-7592
-5460
-6154
+1170
+8232
+560
-9490
-28944
-38630
-33438
-23292
+1876
+25716
+31108
+32564
+46886
+61940
+74774
+75918
+75452
+60708
+26504
+20026
+16422
+19114
+23446
+28754
+33996
+27662
+1582
-26586
-49756
-63886
-65924
-47606
-31300
-29706
-39394
-49804
-51620
-51318
-41246
-29608
-25476
-7104
+19272
+46194
+50104
+45146
+17384
-21806
-59590
-69116
-67910
-66420
-64684
-55872
-47844
-44034
-38040
-32218
-16922
+9286
+24054
+29030
+31146
+38068
+48766
+56872
+67004
+63754
+47356
+36706
+37888
+50330
+63414
+62470
+46450
+2194
-38464
-52410
-57818
-63978
-68700
-93202
-94828
-72996
-42830
-15082
-220
-5214
-10496
-11982
-15782
-22350
-11046
-7102
+11300
+13722
+8942
+1940
-11060
-12480
-7726
+8888
+18720
+27828
+34678
+38746
+46726
+57450
+53276
+31992
+17460
+11068
+6932
+6714
+2848
-8526
-23244
-43174
-48178
-36280
-21224
-17304
-12854
-17732
-29062
-33958
-34216
-27282
-25490
-37964
-38650
-37476
-35736
-23378
+274
+26176
+50164
+61874
+58696
+37884
+29364
+33710
+54722
+72770
+68120
+37718
+9058
-8254
-22714
-6136
+6200
+72
-17632
-35240
-40216
-35818
-30094
-23500
-21468
-21832
-13276
+2766
+10114
+7112
-2716
-19010
-35632
-50598
-48054
-37032
-25536
-22942
-30424
-48862
-61502
-53056
-33630
-2218
+14766
+32546
+42168
+42054
+46100
+43228
+43794
+44822
+43244
+47970
+49480
+43982
+32554
+14438
-9314
-31392
-37444
-50672
-68792
-76672
-84388
-74646
-63306
-45556
-34546
-23258
-14524
-4064
+9792
+19088
+32650
+40420
+34584
+25872
+20668
+17652
+14206
-1128
-10800
-4066
+2618
+18622
+23174
+9246
-1566
-14632
-18134
-4128
+10676
+30838
+46232
+38598
+27786
+18278
-5436
-28506
-22456
-12880
-1902
+6282
+5118
-10922
-36082
-55526
-60664
-50732
-39334
-35498
-32552
-35318
-48200
-46948
-42414
-37448
-32888
-19170
-5748
+26708
+61840
+80492
+90974
+81602
+60162
+37428
+19810
+19314
+28234
+22892
+2760
-9664
-27408
-43202
-50678
-45166
-36784
-23116
-9028
+12068
+30848
+38790
+35520
+27414
+20846
+13228
+13096
+16586
+21036
+41052
+40260
+24626
-68
-26606
-47274
-47066
-23382
+10340
+25550
+17602
-3100
-29302
-37430
-38016
-33004
-37868
-52188
-57780
-78616
-82800
-71392
-54740
-27932
-9132
+16176
+43756
+69878
+73084
+48306
+48340
+102848
+197482
+254164
+201722
-30412
-308808
-372798
-310432
-195408
+28668
+168676
-18396
-387588
-621882
-550374
-163392
+278750
+500452
+511328
+391000
+227888
+108766
+46422
+41872
+34440
-90092
-269168
-471486
-597678
-511814
-275258
-818
+237052
+385662
+422666
+399100
+355006
+302768
+263820
+226864
+146604
-11720
-225488
-390804
-449842
-395176
-235512
-55232
+57856
+99772
+93144
+73590
+111906
+196200
+259386
+253610
+181280
+45590
-143382
-306164
-390840
-399228
-330694
-222398
-112822
-22198
+70140
+148694
+212862
+262480
+275206
+245904
+182964
+92458
-3540
-69052
-85522
-73778
-63506
-55474
-46082
-21300
+29356
+88884
+129578
+147354
+143306
+149354
+149334
+129248
+99680
+52388
+18966
-2180
-8146
-31030
-68522
-102824
-106176
-79098
-39308
-388
+30554
+45254
+65326
+73646
+73634
+72810
+73318
+67904
+43458
+602
-42582
-84026
-98854
-83638
-49700
-10942
+25482
+27656
-7876
-36208
-48634
-32690
+8760
+45966
+81670
+96274
+69736
+20724
-30532
-67910
-71636
-59016
-35466
-14064
-7396
-2444
-6638
-11868
+12768
+40898
+64794
+57460
+14308
-27296
-43602
-50088
-65224
-77180
-81486
-71448
-42644
-24608
-6860
+18660
+35148
+33962
+17804
+4612
-16368
-34612
-60694
-87752
-114158
-143916
-159298
-146078
-117514
-79134
-34196
+18698
+60696
+99026
+134374
+150968
+152622
+139218
+103332
+54788
-794
-60530
-117370
-152430
-152118
-113360
-62340
-494
+52770
+82568
+95646
+93568
+94802
+71328
+36888
-6118
-50024
-78092
-79022
-62072
-41996
-19592
+7296
+42084
+69836
+85334
+98110
+103342
+108266
+109168
+109534
+100814
+75800
+41558
+3564
-30784
-67894
-83336
-85208
-66848
-31808
-5776
+12500
+29312
+43408
+52026
+69960
+94464
+117056
+107956
+73962
+32948
-7534
-35078
-43486
-31552
-8328
+13758
+39998
+53278
+52192
+49540
+59872
+69610
+67076
+58710
+44906
+14230
-19748
-44430
-71460
-85790
-80672
-64698
-36506
-4222
+31584
+66936
+90234
+107564
+124498
+117800
+102102
+79048
+47526
+27194
-13866
-49920
-75260
-95238
-79834
-57826
-45838
-35964
-35998
-44062
-40524
-30504
-11600
+9862
+20510
+30740
+27394
+5724
-9834
-17942
-34076
-51792
-62306
-54116
-44136
-37858
-23648
-10362
+9774
+19582
+17952
+5348
-13482
-15480
-24478
-49668
-86032
-114440
-131672
-143678
-138812
-120738
-101654
-83924
-66640
-55540
-48622
-31940
-13168
-5522
-3002
-3502
-13950
-15730
-20606
-19958
-14228
-8554
-268
-762
+7242
+25012
+48906
+64362
+70184
+70062
+56888
+36344
+10800
-7282
-35458
-67262
-80996
-89804
-100100
-98834
-97316
-95794
-81742
-67634
-54008
-56522
-55354
-52834
-44972
-25592
-11842
-6282
-15074
-23442
-22218
-15948
+984
+23896
+30884
+29796
+25570
+19596
+12630
+12280
+12038
+1468
-2750
-2004
-6882
-14150
-15220
-8364
-1878
+12128
+30748
+55736
+65472
+68424
+73470
+70704
+62906
+58378
+51636
+41068
+31352
+29236
+32644
+23994
+11044
+94
-17550
-30342
-28958
-5994
+22982
+39618
+42684
+37590
+22394
+12124
+10070
+1684
-3232
-208
-4392
-9142
-16046
-27680
-42346
-48480
-39084
-25478
-21646
-2538
+13766
+24858
+34140
+29412
+28500
+24472
+22240
+27398
+26812
+21340
+6654
-6742
-22404
-31404
-23748
-19144
-30654
-46194
-63872
-73566
-65706
-48998
-30804
-20984
-24304
-26356
-28658
-31728
-21276
-28020
-27522
-19156
-12536
+5078
+26192
+26684
+20020
+2716
-1970
+7100
+9654
+9248
+13790
+15418
+19020
+11894
-6430
-9480
-12284
-14734
-6302
+2712
-6878
-17644
-26872
-26290
-21934
-23562
-32538
-44006
-54932
-47584
-27472
-21220
-29766
-46344
-57106
-61956
-49370
-33104
-14450
-8570
-27190
-38792
-42058
-44642
-47624
-48848
-51698
-65968
-79284
-72618
-59494
-41230
-20786
-9190
-1644
+1764
+4238
+16832
+25928
+27564
+19250
+10806
+14286
+20820
+23322
+19366
-10612
-39334
-58452
-62062
-56764
-51510
-40150
-31198
-33484
-40470
-36344
-21878
-19484
-18866
-17688
-21634
-27956
-23342
-18836
-12148
-12544
-3476
+1252
-4306
+8774
+26062
+49696
+65900
+63250
+46594
+37418
+34814
+28374
+25658
+25872
+13322
-348
-5560
-3934
-9678
-10970
-11332
-19374
-20592
-19106
+3774
+30890
+50548
+52316
+29514
-448
-21672
-35226
-38770
-25844
-12674
-10174
-17802
-29984
-26316
-27770
-19330
-24144
-23372
-31946
-43996
-44408
-41790
-33410
-32340
-30260
-25228
-24886
-19390
-1354
+13888
+29824
+42000
+57114
+73118
+82692
+73198
+50446
+24828
+11314
+9776
+9820
+7668
+1588
-13104
-26854
-31980
-28204
-9436
+8994
+15678
+20360
+14188
+22732
+29706
+27178
+25868
+12300
+5644
-2986
-17832
-37494
-54284
-58218
-44206
-26130
-20432
-18610
-30578
-34442
-26852
-20062
-15228
-11208
-13756
-18808
-22824
-19852
-22392
-30242
-34690
-48400
-56572
-55212
-43178
-10624
+18356
+31124
+23750
-1110
-23216
-34626
-21136
+702
+15572
+10714
+2588
-19348
-38858
-44338
-39064
-33462
-22874
-10950
-8986
-12044
-14864
-17110
-19494
-25772
-35776
-41202
-42094
-46876
-44898
-43480
-45492
-48784
-48912
-41926
-36632
-34926
-27928
-17410
-2936
+7540
+13206
+14984
+5272
-16458
-33272
-36272
-34388
-26238
-18512
-20958
-24172
-27032
-26610
-42590
-50234
-49976
-55968
-50142
-37048
-29028
-30462
-37980
-41062
-34046
-29806
-31354
-27868
-28976
-30092
-34146
-36002
-27594
-13272
-5556
-6534
-7670
-8452
-6596
-7730
-9992
-8452
-8414
-12008
-6294
-3568
-7138
-18530
-30272
-41076
-35920
-22030
-6004
+11004
+17910
+17488
+15938
+4850
+6800
+18222
+35134
+40182
+36330
+13704
+606
-9086
-6732
+11148
+12744
+7490
-1728
-962
+23956
+37660
+30196
+8668
-14002
-38434
-44722
-46774
-50862
-45912
-53992
-58824
-54642
-45524
-34662
-14326
+2650
+12712
+18420
+25862
+22270
+30184
+37174
+37472
+35206
+19698
+1190
-15406
-34344
-48890
-42540
-42308
-39566
-30464
-12562
+4066
+18248
+12704
-618
-10314
-6776
-444
+4886
+2094
+1260
-6648
-13450
-15254
-21396
-24666
-25152
-21984
-17322
-12830
-15396
-26418
-29750
-30340
-16110
+4336
+15510
+27674
+23122
+19948
+13096
+8846
+11260
+5722
+310
-8716
-14490
-14634
-17736
-20576
-14840
-14886
-27828
-41290
-53908
-56534
-59742
-54170
-47674
-52980
-52630
-56662
-60388
-58568
-53598
-39368
-28544
-21372
-11914
-7528
-6762
-556
+604
+3580
+16100
+19532
+10378
+4552
-11208
-38176
-52208
-53802
-62506
-63888
-57354
-55160
-52226
-57100
-54898
-64812
-71876
-57380
-53136
-56462
-55064
-49248
-55856
-64418
-60758
-50148
-33728
-15292
-6842
-2148
+1716
+11552
+20912
+21650
+19932
+26616
+25126
+14682
+1754
-9170
-9922
-17798
-21092
-22986
-29278
-34716
-35336
-35290
-32876
-24522
-17738
-5084
+4164
+10844
+7380
+3794
+1292
+2820
+78
-13792
-28266
-46526
-52216
-53660
-39488
-26478
-12398
-6002
+318
+7538
+7522
+7338
+5528
+5700
+8016
+10112
+15508
+12354
+16942
+20768
+27552
+19408
+12354
+2054
-18186
-33476
-39718
-34996
-32040
-22600
-15242
-14956
-17162
-17078
-14702
-11320
-12488
-10904
+88
+13130
+15798
+15864
+6080
-3220
-3012
+11868
+19614
+14558
-3570
-17130
-15262
-11204
+2266
+9248
+10352
-6212
-16946
-17560
-8430
-6500
-3206
-10794
-14870
-5154
+8220
+20614
+24340
+20374
+13806
+5764
+6908
+11368
+30884
+37380
+39734
+35444
+17308
+1986
-8654
-1478
+5256
+4920
+1042
-11626
-24364
-26948
-33550
-31876
-37786
-45040
-37318
-27040
-21886
-20488
-28588
-44020
-50654
-52336
-54226
-46652
-46254
-39700
-29910
-21324
+1422
+15898
+18340
+23058
+21520
+18728
+22158
+27352
+38266
+43640
+25830
+10300
-21598
-53060
-64074
-67760
-67708
-66848
-62646
-58524
-51750
-39612
-35446
-35862
-39078
-44984
-38316
-31230
-29074
-27264
-32392
-32174
-27290
-17260
-15680
-12520
-12556
-5140
+2236
+12306
+11626
+7446
+5196
-2482
-4838
-9750
-5870
+666
-2346
+7148
+16836
+12264
+6862
+3968
+72
-4936
-3850
-7566
-15514
-17758
-25716
-25644
-23676
-25910
-20886
-15894
-9590
-5250
-3942
-2936
-13016
-27980
-34216
-37578
-30842
-25278
-16282
-9466
-9562
-5760
-8146
-4472
+10968
+19438
+25434
+21154
+14876
+3404
+1478
+4336
+8812
+8698
+3060
-6556
-24368
-30626
-31132
-25550
-18226
-18320
-20960
-23442
-16540
-9316
-1954
+2822
-2044
-4964
-6528
+2432
+3930
+7826
+7860
+2280
+6006
+14330
+37504
+57234
+56518
+52052
+43154
+38838
+43710
+43234
+41034
+29856
+23716
+11304
+3068
-52
-3670
-7548
-12568
-25996
-41118
-41260
-45224
-42238
-36812
-33862
-41698
-40326
-37974
-22238
-17292
-13776
-4646
-12596
-20712
-22856
-17810
-5248
-8184
-17456
-29022
-31566
-24598
-14684
-4638
-8232
-13356
-17258
-13120
-6122
-1952
-3476
+1336
+2404
+9216
+17358
+25406
+23450
+11160
-8194
-19032
-13518
-1092
+6928
+14084
+11208
+6006
-2834
-2046
+5632
+2390
-678
-7970
-21780
-27570
-28430
-26246
-27052
-25148
-27222
-34792
-49516
-55010
-49880
-44494
-35400
-31770
-20140
-16568
-19214
-12644
-14308
-16212
-12278
-8882
-11216
-12030
-18376
-32916
-40630
-37952
-26358
-22466
-18752
-23918
-23290
-27978
-29446
-25316
-23238
-15550
-11232
-2362
-4876
-9230
-21976
-38546
-44484
-39638
-31026
-17838
-15754
-11902
+288
-530
+224
+1192
-620
-8298
+296
+9002
+15434
+21876
+15806
+4468
-7302
-13012
-15224
-8714
+1586
+3546
-2798
-14146
-33962
-45282
-41686
-25008
-4502
+11240
+16842
+15516
+5346
+118
-4480
-1874
-7286
-17630
-24842
-35410
-46172
-46648
-50368
-57324
-60870
-55378
-49664
-33698
-23570
-11114
+2186
+6942
+10804
+13856
+16678
+10688
+13196
+15170
+16884
+19734
+30232
+27356
+24716
+18884
+4282
-5756
-13158
-13576
-9532
-5064
-8960
-9006
-16070
-15868
-16070
-17592
-8260
-11170
-15670
-12936
-3076
+5384
+13264
+1578
-11194
-29098
-30250
-26472
-22048
-13056
-18094
-21114
-28958
-23046
-5894
+4542
+20810
+28772
+34258
+38692
+49040
+46796
+34478
+20666
+5166
-13220
-19410
-19542
-12402
-28756
-35436
-31340
-42042
-49700
-57540
-49832
-44000
-37752
-29588
-19652
-17854
-12714
+2200
+10274
+18320
+15208
+13264
+19038
+33714
+35012
+35032
+20794
+7498
-112
+1428
+5158
+4698
-1852
-15658
-28844
-43828
-53704
-59002
-61064
-66600
-64816
-64692
-62896
-59594
-59634
-48062
-41512
-36634
-25870
-25534
-27550
-27904
-24674
-16200
-8660
-9496
-15472
-12628
-5822
+2546
+14932
+21398
+23142
+17844
-2336
-10006
-14660
-19334
-20496
-16196
-11604
-11554
-11878
-17604
-15444
-15400
-19536
-26062
-31356
-39000
-40142
-34182
-34660
-41230
-42012
-40054
-43082
-34262
-21558
-11682
-5098
-1632
+6216
+14476
+6578
-2204
-8734
-10486
-10344
-7610
-6822
-5134
-4916
-4254
-7232
-3462
+3914
+9710
+22894
+32138
+47316
+47464
+36240
+22618
+10224
+7048
+7002
-92
-16908
-31756
-37220
-41844
-45830
-46676
-46234
-52846
-56590
-67292
-65530
-55926
-40788
-20518
-4366
+3730
+8860
+11444
+12002
+16336
+24402
+27202
+28050
+30022
+21302
+13920
+14482
+26526
+19028
+8056
+3074
-700
+1256
+9846
+11988
+9254
+224
-11194
-19408
-16962
-9966
+1772
+5308
+7198
+5836
+1574
+3496
+8490
+7112
+3660
+5244
+334
-6594
-10232
-18884
-28842
-29194
-35018
-36486
-33320
-30410
-25278
-15454
+300
+11376
+21446
+30678
+27290
+24024
+24918
+17430
+16856
+19962
+19468
+11578
-3126
-22882
-37394
-38098
-36534
-36848
-29044
-32624
-42742
-53680
-45568
-41248
-34726
-36430
-38322
-50206
-50776
-47294
-38588
-25552
-18006
-24760
-23528
-21172
-18222
+2458
+17410
+24088
+15440
+6978
+3608
+310
+4606
+4390
+6914
+4166
-6390
-11862
-12848
-5104
-6558
-13940
-10750
-17876
-20034
-22572
-18954
-26006
-34036
-29842
-23500
-24354
-28682
-31026
-30510
-28846
-28632
-31648
-32138
-31116
-30450
-21086
-9214
+342
+13054
+12812
+15258
+19748
+17862
+16026
+18658
+22074
+16246
+11614
+5910
-5230
-18568
-27110
-33226
-33462
-34712
-31144
-37920
-34044
-21792
-23534
-27930
-37776
-44308
-46786
-34484
-26584
-20176
-21408
-31638
-28254
-27574
-27156
-20156
-21522
-27044
-23172
-20656
-14164
-11300
-14842
-24716
-37644
-35594
-32382
-18472
-5772
+2098
+15046
+9648
+5698
+2300
+8702
+18662
+25248
+29290
+30804
+29190
+23174
+10456
+1396
+5500
+12092
+15364
+13080
+8864
+5632
+3808
+5462
+5326
+2906
-212
-7010
-14612
-17172
-15940
-12408
-6784
-7154
-8146
-10600
-1796
+7268
+13558
+10940
+5044
+5374
+7832
+7438
+9098
+6354
+9078
+7640
+6682
+6334
+5268
-822
-7142
-15894
-12512
-8220
-11676
-14220
-17368
-16164
-18364
-26784
-27604
-28070
-39354
-42834
-45444
-44176
-39780
-34362
-26296
-26360
-25336
-20112
-18292
-11204
-888
+1262
+3134
+474
+2364
+6840
+2804
+5574
+11624
+12738
+10920
+8344
+2694
-1450
+3636
+8120
+13508
+7928
-4
-11948
-22468
-28038
-30622
-23480
-20658
-26028
-34754
-36996
-36598
-34000
-31252
-23650
-17458
-13090
+3956
+13030
+16356
+11540
+3708
-142
-2486
+578
+1840
-5186
-11948
-21282
-37700
-39718
-29800
-30558
-27870
-25698
-34602
-36894
-41128
-37920
-32484
-26584
-26964
-34072
-30256
-28878
-27484
-23674
-24762
-21038
-20246
-16950
-8386
-9474
-8580
-18034
-21704
-17650
-13418
-1870
+9922
+16622
+13672
+1016
-4864
-2518
+1574
-5192
-2598
-350
-6108
-9682
-11446
-12234
-7128
+4556
+12322
+11012
+13162
+11834
+2242
-9344
-18230
-15290
-7708
-1714
-1194
+3698
+5442
+7730
+5766
+496
+1364
+2672
+700
+1598
+7758
+6418
+5954
-138
+354
-6582
-9910
-4212
+2078
+1844
+3220
+4648
+2796
-2662
+3130
+10076
+21338
+26742
+22530
+12688
+11774
+9438
+6334
-192
+3854
+8496
+8630
+15308
+16132
+10180
+5498
+10334
+13756
+23490
+29464
+28842
+24166
+21936
+16938
+26466
+34742
+30086
+21766
+13844
+15922
+10740
+3440
+1334
+3442
+8130
+12548
+20004
+18006
+19638
+14766
+12900
+8940
+5780
+3332
+2758
-4146
-10282
-13700
-12966
-8262
-7170
-3906
-12824
-21574
-21958
-15822
-5064
+3932
+8924
+11982
+13598
+11816
+5802
-76
+3764
+13064
+19330
+20956
+19940
+12610
+1252
+4
+6160
+13272
+25790
+27960
+25742
+18874
+22168
+19256
+20818
+13420
+3352
-192
-2438
+176
+5906
+15996
+11294
+8724
+6518
+5754
+3086
+618
+10892
+16026
+20768
+21810
+10998
-12444
-29850
-20176
-6282
+9016
+20966
+12298
-6792
-14468
-10806
-7372
-3696
-6346
+216
-1856
+686
+3866
+5500
+416
-6426
-19194
-12856
-5670
-646
+1428
+5282
+5150
+6536
+2848
-6608
-13970
-21482
-16798
-11038
-8670
-8330
-12040
-13446
-15116
-7968
+1014
+7828
+4038
+1556
+1934
+3812
+19754
+26664
+20390
+10708
+9690
+9976
+9496
+16906
+23418
+23912
+28192
+25094
+18100
+14826
+11388
+9960
+7524
+4956
-4166
-4370
+3526
+5986
+8378
+1600
-5728
-14616
-12922
+2036
+12046
+18772
+23748
+15372
+5608
-7830
-16302
-17306
-13942
-18852
-21726
-21704
-23232
-24430
-23598
-15504
-13582
-11988
-9490
-3526
+10192
+18832
+31528
+34444
+30304
+23138
+14066
+15270
+21480
+24692
+27562
+33608
+30768
+36176
+34852
+34266
+36818
+28314
+15660
+9742
+12704
+15858
+8830
+2448
-15678
-26644
-33192
-33590
-27452
-20478
-8518
-12460
-19348
-15998
-16340
-19472
-22962
-26504
-19758
-5488
+8288
+21182
+27952
+31730
+27744
+22322
+19546
+22888
+17816
+17442
+26252
+29710
+22100
+10708
+1668
-15830
-22566
-19330
-12256
+562
+17108
+20446
+12758
-3008
-10810
-16392
-7652
+348
+3242
-2454
-5926
-10018
-7510
-8306
-9318
-6702
-3730
+5244
+12336
+20692
+26264
+23184
+20306
+15280
+2246
-5284
-10952
-12108
-13478
-7254
-858
+2090
+2664
-3838
-6124
-10598
-9144
+316
-240
-1490
-728
-2762
-5172
-3832
-3876
-6922
-14548
-16964
-10970
-6664
-2044
-720
-3356
-9830
-19776
-22194
-27126
-26190
-17010
-17616
-21634
-24174
-24496
-17808
-16238
-11872
-2108
+4508
+4358
+11790
+12584
+11388
+4108
+1778
+11316
+21998
+26988
+30924
+29960
+27910
+24756
+17354
+25668
+29006
+23702
+15574
+10436
+6860
+9780
+12212
+10932
+1986
-2514
-9622
-13974
-15518
-9062
-984
-506
-1388
+3240
+4840
+4694
+14444
+15750
+12774
+11734
+10294
+4348
-4632
-4114
-6598
-2082
+678
-5332
-7316
-3678
-2044
+2262
+9494
+15354
+21618
+23848
+21008
+21820
+30344
+38904
+41172
+36498
+30234
+22806
+11894
+4802
+2822
+1978
-8142
-13002
-15588
-21200
-13720
-9414
-2756
+3044
+11982
+6758
+2312
+1560
+1294
+8110
+16634
+27322
+47710
+55772
+46342
+34582
+29456
+20880
+23428
+27554
+24604
+24018
+28684
+25036
+15458
+5774
-3392
-11382
-10288
-4848
+474
+9750
+12984
+13058
+8644
+6384
+10608
+8716
+8554
+17974
+9638
+2992
+8124
-1608
-17674
-19602
-10912
-5162
-5408
-6672
-9740
-13654
-5164
-782
-2028
-6340
-8250
-14572
-10822
-3626
-3944
-4912
-13136
-17888
-15950
-9484
-8218
-11532
-14376
-18588
-20378
-14594
-6476
+4236
+9614
+6714
+6372
+7916
+3252
-1430
-6966
-5728
-4972
-7808
-11852
-17808
-13696
-12484
-20392
-17770
-20714
-20112
-20016
-16706
-6952
-1224
+2782
+1368
+2648
+1904
+2642
+12850
+22762
+23940
+10742
+6580
-2526
-11920
-8632
-10012
-8730
-13260
-12728
-12662
-22216
-28572
-24770
-24040
-17136
-15218
-16230
-18976
-26614
-29666
-34766
-30790
-37512
-35706
-28018
-29214
-29352
-30098
-19222
-13034
-6022
-4014
+1712
+6008
+1910
+5750
+5394
+4782
+9958
+2012
+1136
+1354
+8466
+12014
+14192
+13566
+13212
+10642
+4802
-7272
-12350
-12582
-4818
-11622
-14714
-14584
-22000
-29346
-37186
-41194
-40200
-35900
-30828
-29496
-25038
-18304
-14538
-13010
-11190
-4466
+1160
-3912
-7258
-4548
-1434
+4524
+1002
-5322
-8488
-9236
-744
+13110
+20648
+21730
+17284
+14068
+6696
+5518
+2636
-1108
-1678
-6006
-11620
-15436
-26014
-26434
-23812
-18212
-17748
-21812
-20946
-18612
-20516
-15726
-8268
-12338
-9398
-12668
-14082
-8054
+394
+7130
+10484
+7428
+6478
+3980
+3234
+7046
+2026
-6862
-13660
-16368
-22698
-26158
-28088
-26006
-24018
-33138
-34238
-33598
-30500
-29440
-22518
-10800
-7796
-13204
-7450
-5354
-6802
-6338
-5070
-4984
-4732
-426
-758
+1294
-2316
-52
+7104
+5358
+5794
+12330
+13888
+15414
+14340
+11698
+12750
+10750
+4894
+2996
+12120
+13318
+6770
-526
-2814
-9136
-14666
-15166
-24818
-33120
-29240
-26714
-29874
-39602
-43402
-47132
-49738
-46152
-32402
-25998
-29410
-18934
-17314
-11712
-13690
-15778
-13286
-13656
-5424
+4100
+15960
+24124
+22186
+16138
+8396
+3516
+5384
+3104
+4666
+7104
+3614
+3194
+4724
+1888
-3746
-10578
-7304
-14928
-22078
-29006
-27866
-37542
-42522
-33788
-31418
-28890
-21448
-19006
-26044
-28560
-24532
-22422
-19266
-17514
-14812
-19096
-20638
-13104
-1712
+17538
+27916
+30214
+22904
+18816
+18596
+18096
+16390
+19498
+20444
+20846
+17782
+9256
+1796
-1516
-2054
-1246
-7690
-13554
-4046
-4378
+1864
+2292
-1526
-14336
-23464
-25934
-16356
-5080
-1476
-8132
-18642
-23570
-26312
-24958
-21978
-11440
+4716
+17516
+18242
+14844
+9998
+8074
+8374
+12400
+17198
+21456
+23666
+19514
+13624
+17980
+17326
+17046
+14806
+6056
+1054
+2448
+3560
+3056
+6808
+1138
-4434
-1184
-3566
-4512
-4304
-2688
-8812
-4210
-5602
-7352
+184
-892
-5296
-7656
-6320
-8210
-3476
+2172
+876
+786
-5024
-6456
-6134
-7018
-1128
+9366
+12742
+12730
+8028
+2892
+4100
-2692
-11444
-11158
-12948
-9494
-11364
-16510
-17882
-21694
-25812
-24892
-17930
-15918
-6850
-4882
-5072
+696
+2818
-1866
-1086
-212
+6756
+8790
+15340
+20628
+14096
+2842
+3790
+3320
-6034
-8218
-15534
-21178
-22254
-21370
-18598
-18092
-27704
-33206
-31556
-24908
-15780
-7958
-8458
-10368
-9764
-11094
-18594
-22672
-16924
-16028
-12010
-11350
-5032
-4314
-3224
-9186
-14050
-16480
-21408
-19334
-13684
-5150
+1836
+1860
+2922
-1800
-7654
-12052
-10206
-3708
-218
+4864
+5424
-2464
-7928
-11798
-7406
-4992
-2998
-1266
+3798
+5084
+6096
-972
-3444
+3024
+9504
+21212
+31498
+33188
+32754
+30282
+25034
+21156
+23308
+23216
+20182
+21632
+22602
+23228
+21360
+13214
+9480
+1734
-2078
+2166
+5766
+4400
+13350
+18460
+14672
+12310
+1882
-442
+9100
+21808
+27538
+21686
+20338
+16674
+16256
+18188
+19358
+22594
+26246
+23408
+16350
+12028
+9468
+13122
+16730
+20868
+23172
+14872
+7638
+9324
+13668
+21774
+30502
+28808
+21120
+17602
+20676
+31494
+35226
+38742
+37234
+29286
+17826
+19478
+21270
+20234
+14628
+17178
+16346
+14466
+3804
+1076
+1664
+1822
+9144
+9862
+13678
+9528
+590
-22
+3042
+2564
+3326
-164
+4340
+11012
+11304
+9968
+15256
+17350
+13826
+21430
+26468
+28064
+26418
+24114
+18588
+17666
+17932
+14082
+10290
+10904
+8492
+12210
+16962
+21508
+21974
+19792
+16002
+19354
+25888
+30002
+31934
+36782
+29104
+24672
+24692
+23318
+14498
+12316
+19774
+19436
+18132
+20236
+21914
+23448
+20446
+12560
+7784
+6276
+8104
+9984
+19318
+23806
+20380
+16704
+12108
+7260
+4304
+5586
+7220
+5220
+2888
+6192
+12772
+10638
+2956
+112
-3196
+5700
+13082
+20484
+23558
+22250
+14540
+13412
+15788
+16360
+20242
+26106
+28424
+25348
+28240
+36184
+39324
+33220
+27956
+26380
+19940
+20574
+17066
+22656
+22872
+20828
+20724
+20822
+20708
+16296
+7988
+4006
+1172
-290
-1596
+2382
+9156
+10104
+11574
+9730
+9834
+17438
+25144
+32184
+44604
+46840
+48586
+43558
+38568
+33458
+26134
+24846
+23066
+25894
+23864
+24888
+22920
+18490
+5508
+8100
+10340
+14032
+14252
+13466
+18458
+18352
+10976
+13456
+14952
+17344
+24298
+35686
+44906
+38128
+33562
+34990
+39240
+38326
+37962
+42952
+44260
+41850
+31488
+31496
+36500
+32520
+26654
+17802
+10894
+7706
+9788
+18328
+22098
+26972
+26820
+18784
+20704
+21582
+22456
+24656
+28950
+32838
+33878
+30386
+26654
+25258
+25198
+28770
+28704
+31032
+32984
+37640
+42580
+47478
+50594
+48858
+43568
+39240
+47208
+53528
+56306
+55646
+45672
+35282
+22288
+16092
+8096
+6162
+7074
+8954
+9604
+5864
+8006
+6108
+334
-56
+4104
+5850
+8574
+21916
+20418
+18530
+24102
+29932
+29368
+29710
+31962
+28714
+32936
+32292
+30784
+33962
+31928
+32366
+34832
+27240
+20972
+14696
+27198
+34900
+34554
+25208
+17844
+9220
+9660
+18146
+25780
+36018
+26456
+30622
+24968
+17874
+12926
+10468
+21186
+26264
+30776
+29406
+32130
+33524
+32826
+29058
+22186
+20662
+20154
+18546
+22008
+27746
+30028
+33996
+26432
+22258
+29438
+36142
+35744
+40054
+42682
+39972
+39042
+27846
+22422
+11596
+2654
-2394
-674
-474
+5202
+5232
-660
+496
+7194
+13456
+15372
+20354
+33150
+42644
+50338
+50568
+52754
+48552
+40094
+35436
+36076
+29560
+27878
+38258
+36246
+42520
+45310
+48338
+57216
+51160
+49654
+41574
+39132
+38330
+34758
+33730
+30768
+26248
+16626
+13692
+16000
+12016
+8234
+12874
+22328
+22102
+19962
+17470
+14474
+10800
+12046
+18274
+21678
+22500
+19928
+17306
+14268
+11918
+11504
+12760
+14090
+17848
+18486
+14838
+20828
+24264
+28894
+27740
+26972
+32360
+37710
+38782
+44420
+44984
+42946
+33688
+27196
+24936
+28736
+33320
+33906
+31824
+21954
+24700
+18248
+15498
+13814
+11864
+10550
+7790
+9226
+7456
+13106
+18684
+13780
+12408
+12124
+16084
+21276
+25694
+29034
+33620
+40772
+39392
+33226
+37022
+33506
+34216
+28048
+24846
+20858
+19666
+28898
+30860
+25394
+18136
+13638
+14268
+14312
+8152
+15620
+22220
+26854
+31616
+24414
+20526
+23236
+18746
+19244
+20606
+21496
+15008
+19330
+23080
+21802
+23220
+16964
+24660
+28180
+28534
+28118
+19688
+14002
+15080
+14752
+15992
+12156
+9596
+6512
-1958
+2292
+11944
+19186
+21226
+19494
+22076
+18698
+16814
+13982
+13912
+17754
+19252
+19042
+21548
+23590
+25182
+21976
+23554
+14954
+2392
+952
+4610
+11552
+12242
+5250
+5906
+1900
+4464
+6096
+6822
+10890
+16426
+24044
+22416
+12288
+8388
+9832
+7316
+8770
+11470
+15868
+13368
+5260
+6630
+3424
+11484
+14702
+12224
+12014
+9560
+5220
+5586
+14750
+24290
