-3056
-1426
-562
-854
-5222
-2966
-376
+5204
+10330
+4198
-1896
-118
-942
-1172
+10240
+5610
+2
-2516
+332
+918
-2494
+920
-1402
-4452
+974
+2794
+364
+4172
+3888
+476
+326
+1400
-278
-1796
+3550
+3290
+518
+7014
+6092
+1370
-4484
-8082
-5336
-4838
-4886
-2206
-2534
+3748
+5870
-502
+500
+696
+3680
+4912
+5136
+6522
+870
-480
+296
-1352
+5500
+11846
+10552
+6502
+5292
+3132
+3296
+3720
+6356
+7692
+8508
+8958
+3476
+1518
-2146
-2764
-1546
-2746
-58
-4494
-4922
-4290
-9298
-4542
+2242
+6412
+7714
+5700
+4278
+3430
+5986
+4946
+4554
-3932
-6146
-1518
-78
-3518
-2788
-982
-4186
+2572
+950
+400
-2958
-3426
-3902
-810
+1714
+2172
+2082
-2674
-7086
-2768
-2300
-2088
-2620
-6722
-4098
-3806
-2244
-174
-1034
-3650
-230
+3024
-1562
-2000
+2478
+1872
+252
+90
+892
+1952
+7138
+11970
+10092
-21630
-126434
-242186
-367152
-388100
-303086
-233502
-150650
-104416
-104992
-86622
-35374
+31128
+99362
+163178
+224284
+270484
+341104
+436102
+555922
+693628
+798060
+860652
+861692
+790422
+695846
+590254
+482258
+367476
+252756
+129296
+6148
-99500
-187046
-254968
-336632
-415030
-504696
-590564
-678510
-752954
-797740
-819962
-816756
-800338
-787186
-825164
-937866
-1105136
-1234372
-1202166
-1028682
-831374
-634258
-483960
-396520
-293208
-148176
+10304
+168374
+342028
+583890
+879796
+1185520
+1390316
+1432466
+1421216
+1393924
+1372970
+1402428
+1414024
+1332764
+1185516
+976460
+671874
+313386
-1604
-166798
-141674
-122484
-135690
-208442
-373662
-462324
-354514
-139132
+75356
+125968
+49754
-51996
-191140
-274512
-304476
-426234
-670064
-935206
-1092026
-1034538
-880272
-715890
-558186
-448772
-327880
-151832
+17732
+26486
-12106
-34850
-73040
-50042
-7998
-5026
-16102
-2752
+18970
+71724
+146550
+207698
+239244
+259314
+274480
+251562
+227824
+185236
+141100
+128426
+118310
+148842
+200966
+245486
+269342
+278934
+265992
+235610
+217160
+200740
+195380
+217630
+238294
+275112
+295454
+280308
+241370
+204902
+166118
+122076
+74836
+20078
-65964
-146958
-230926
-319240
-409128
-486864
-537956
-548902
-531280
-489494
-432842
-367412
-283588
-202918
-142992
-127488
-155828
-202066
-227938
-224688
-192132
-139362
-105472
-77104
-48316
-8678
+43412
+98604
+154848
+216132
+295296
+371828
+422788
+437906
+415840
+358968
+304470
+266982
+257086
+256220
+249268
+228096
+174816
+96650
+9062
-53430
-83326
-76580
-66112
-68544
-84398
-119946
-112758
-73618
-24006
-4494
-15622
-50342
-85424
-102970
-87976
-70790
-90442
-122540
-154912
-147994
-114368
-59488
-6012
+27172
+55226
+87130
+108314
+112344
+89224
+48230
+18562
-23880
-52566
-60552
-73756
-87090
-90018
-79014
-62536
-32060
+526
+32372
+58598
+59308
+46168
+30006
+23578
+22600
+29446
+20988
-3498
-26688
-54600
-75310
-78776
-83776
-91262
-81434
-60176
-30898
+1812
+27654
+38402
+37982
+45748
+43156
+34954
+35316
+20984
+5632
-13966
-33386
-57278
-88794
-108074
-113776
-114414
-106124
-88582
-60308
-27712
-1144
+25360
+44516
+66792
+81836
+81242
+85530
+86336
+87062
+81324
+76584
+71146
+59322
+45944
+36826
+31266
+35364
+56768
+83870
+104586
+118512
+117552
+119602
+104234
+81758
+56520
+22002
-3188
-15068
-15614
-29740
-46110
-65810
-87516
-95722
-102664
-108356
-108120
-108200
-105416
-96394
-86382
-77914
-67378
-60834
-61776
-61914
-57776
-48838
-36564
-15858
-7242
+0
+5530
+12324
+15278
+24372
+26454
+42122
+59192
+61394
+61552
+57734
+51422
+45810
+37184
+31932
+22052
+16930
+20258
+23174
+21262
+22148
+15988
+7106
-770
-14626
-27810
-33832
-35912
-38294
-45298
-52344
-49976
-44748
-45918
-45470
-40424
-39762
-36114
-26574
-13012
-5380
+8188
+13138
+23560
+33476
+44142
+52692
+67032
+74856
+66094
+56306
+40986
+28040
+26576
+19758
+23750
+27086
+12422
-4178
-19956
-25542
-17994
-6654
+8288
+18794
+29712
+28606
+12238
+3766
-8470
-16716
-15332
-14618
-11086
-25640
-47808
-70620
-84084
-86872
-86730
-73276
-62572
-70324
-82856
-92100
-90886
-89016
-77280
-51382
-32740
-27698
-29464
-48744
-52246
-53554
-54210
-35140
-20326
-576
+22522
+33090
+41116
+33900
+10814
+970
+18482
+47576
+69786
+84012
+95692
+95348
+96408
+111812
+115292
+106558
+100072
+103448
+97032
+98938
+109766
+99340
+79380
+34904
-11114
-37072
-44926
-37674
-27228
-26138
-39440
-59546
-87340
-118692
-142242
-156582
-148302
-136334
-123362
-106714
-94950
-91142
-92120
-82778
-62774
-44644
-17312
+5506
+25034
+40334
+59106
+75764
+87024
+75860
+61644
+53310
+41974
+40412
+48120
+49084
+43028
+33412
+8698
-14368
-37698
-39514
-35626
-26714
-17042
-19574
-20820
-32620
-45598
-63634
-75844
-86646
-90230
-88128
-72450
-66220
-51490
-32230
-12058
+19990
+34022
+26830
+13418
+988
+806
+8842
+24234
+42094
+69028
+73788
+60064
+44558
+30286
+19360
+15616
+6836
+3008
-8776
-30476
-49140
-72784
-98200
-117794
-113442
-105396
-92294
-81694
-68696
-44542
-36362
-16934
+17596
+35566
+49854
+40410
+25172
+12104
+9290
+23780
+48576
+58856
+45704
+20294
+9400
+15590
+34864
+61332
+70484
+74552
+53014
+21284
-38040
-83932
-110932
-117868
-91988
-73798
-30282
-18812
-27602
-13358
-13296
+6668
+25526
+35114
+53770
+48776
+41290
+22260
+3320
-17042
-43524
-69998
-91718
-94332
-91962
-98142
-86382
-68596
-69178
-60018
-49288
-49100
-54730
-62934
-66248
-79392
-92528
-119676
-138344
-125044
-100666
-63612
-18522
+17704
+52140
+79738
+69154
+63740
+76396
+68956
+70486
+78466
+110300
+137452
+137338
+139998
+104642
+68952
+38164
+29040
+55104
+73560
+57788
+17604
-28056
-58936
-71060
-76220
-56832
-67100
-84902
-100586
-129878
-180240
-228958
-208284
-170634
-135998
-100814
-43514
-8480
-34386
-33880
-23416
-39150
-44552
-11356
+31288
+85188
+100024
+113346
+106534
+48482
-3196
-524
+24982
+44852
+69230
+75284
+83198
+68228
+54532
+20938
-21800
-49318
-62280
-55464
-71666
-66162
-74950
-72962
-38748
-52098
-58492
-67452
-92206
-109240
-107306
-78414
-46022
-31656
-43520
-67176
-90860
-92684
-64096
-13796
+21572
+62618
+96554
+76730
+66512
+54134
+36432
+11854
+8222
+28482
+59366
+74290
+70790
+58948
+33044
+3214
-27916
-48384
-50736
-25224
+17558
+53118
+70246
+77442
+67086
+43330
+32736
+28632
+27226
+27824
+15958
-7330
-24498
-17734
+3932
+21950
+22474
+20822
+7712
-16584
-25248
-8190
-4382
-13148
-22370
-28636
-36302
-18452
-8764
-17002
-21270
-48620
-75170
-92286
-87396
-75530
-63922
-53000
-66848
-106848
-132542
-119896
-79402
-34562
+2594
+12232
-18828
-55180
-53366
-18066
+13470
+30900
+36638
+23846
+7144
+18368
+45510
+52444
+28000
+18320
+23544
+40978
+57884
+84254
+88206
+86946
+102542
+120854
+126432
+109276
+75836
+30792
-8342
-16982
+17116
+48390
+64752
+65114
+42960
+4418
-18072
-16552
-5088
+8934
+24016
+34234
+29648
+5222
-18504
-53318
-82198
-101048
-115858
-139538
-149290
-143858
-137264
-128754
-128520
-128490
-125444
-102304
-73810
-45250
-14028
+11240
+40944
+88818
+138082
+146050
+124642
+82886
+34842
-346
-2914
+25428
+48832
+47572
+27772
-8108
-52894
-74558
-53786
-18126
+26518
+64472
+75622
+66518
+34216
+7672
+15136
+33356
+34188
+22730
+6234
-17986
-48292
-56992
-50110
-38958
-44068
-30684
-5420
+15142
+31032
+43242
+71288
+99294
+128940
+142752
+130722
+110496
+79916
+41254
+15332
-3260
-10010
-21520
-33784
-51806
-79634
-98296
-100354
-95140
-93672
-81830
-80390
-95888
-98612
-88050
-60872
-36094
-15470
+4846
+13652
+19652
+20098
+15916
+4254
-15682
-23360
+6148
+37302
+58812
+81490
+74036
+54496
+46650
+50106
+49732
+42082
+31562
+24634
+4460
-7232
-17534
-49724
-72734
-90544
-107024
-111372
-104910
-92310
-81454
-68396
-56626
-57676
-66876
-51202
-16484
+13212
+35470
+43368
+30860
+5016
-14608
-15984
+2150
+26448
+45194
+65658
+97528
+132852
+153400
+176082
+178132
+172240
+182244
+184108
+174354
+155530
+112186
+79848
+54828
+31430
+18328
-9634
-35458
-46370
-55634
-49818
-38092
-46216
-55316
-64986
-82354
-96644
-93088
-77750
-57324
-33264
-19562
-26682
-43604
-62648
-67508
-62490
-59252
-45478
-37428
-33070
-19640
-1480
+17178
+38006
+43862
+38608
+46612
+68142
+80754
+74842
+44176
+12416
-7834
-10192
-2264
-10826
-32762
-64670
-75222
-70172
-49148
-19852
-11028
-4940
-4002
+70
+11158
+31652
+56908
+72402
+82530
+82028
+82864
+83120
+73442
+69466
+87328
+109906
+132634
+147624
+145012
+120978
+100034
+80358
+77170
+90572
+88422
+81472
+52010
+5318
-36876
-65222
-70938
-73910
-67854
-65974
-85896
-100840
-115686
-119148
-115362
-101478
-85020
-80782
-81342
-85884
-77346
-71086
-54966
-45604
-35504
-16560
+4484
+27866
+49438
+70958
+72630
+74520
+78266
+105058
+141314
+160312
+168902
+164310
+146878
+135478
+120862
+99806
+79344
+39326
+12332
-9466
-32688
-50726
-60850
-66868
-64284
-54890
-44684
-28674
-23568
-20242
-6428
-484
-12116
-23120
-25760
-36608
-29818
-76
+18254
+29856
+29512
+15382
-22680
-38502
-23258
+8776
+45208
+73820
+92444
+84954
+75348
+64274
+51846
+49162
+47616
+47060
+45484
+39436
+45480
+54838
+49680
+41990
+37718
+34674
+28656
+25354
+40242
+49296
+39022
+16980
-2232
-23926
-41414
-53464
-61784
-54432
-49614
-38810
-26320
-16656
-14912
-1512
+7750
+25380
+46356
+54744
+62516
+53364
+37686
+31254
+28676
+18630
+10832
-15522
-26906
-31732
-32848
-33564
-48718
-56896
-58984
-49582
-20884
+10102
+32128
+38176
+22592
+6410
-2914
+5348
+19670
+29756
+42294
+27984
+1932
-34090
-64478
-70074
-54478
-26668
-6328
+6768
+18738
+28768
+52444
+61804
+56282
+58920
+57686
+51410
+58204
+64864
+67828
+67442
+46086
+41740
+43588
+47198
+49964
+42618
+25800
+590
-15184
-7928
+10850
+34040
+51582
+57390
+53616
+29554
+8806
-6116
-5778
+1822
+14918
+13738
+5080
-7248
-12392
-13056
-22204
-30812
-26252
-22222
-13608
-7324
-6160
-22204
-35096
-50698
-66174
-57608
-39804
-23216
-12456
-16704
-18586
-29594
-41214
-27318
-12378
+1916
+20424
+33076
+42256
+40342
+21720
+1138
-18340
-28728
-36714
-37916
-20370
+3608
+28678
+48102
+41174
+27810
+16510
+9894
+18798
+44566
+74904
+97990
+98438
+81392
+41386
+2976
-24930
-29632
-12662
+17532
+44968
+60532
+55010
+41966
+24174
+15790
+10992
+20328
+31388
+37814
+30488
+3230
-17346
-45956
-66658
-68194
-57212
-62286
-55012
-46170
-39670
-16758
-14546
-15830
-24192
-30162
-12400
+5164
+18412
+25404
+20998
+28770
+32102
+27456
+16156
-5896
-24180
-28298
-13538
+17554
+47060
+70558
+69242
+65896
+48652
+26048
+14750
+15964
+18672
+32646
+37666
+31446
+12466
+2162
+5578
+20532
+47674
+60962
+52220
+30056
+10174
+244
-3130
-2716
+1020
-2620
-6730
-6376
-4464
-7252
+116
+12196
+26274
+31616
+21964
+10596
+6220
+5232
-2322
-10490
-14098
-24776
-25228
-26150
-23126
-26392
-35114
-30480
-10838
+8330
+15964
+20790
+36676
+40212
+36722
+37336
+28986
+26390
+30332
+41362
+55950
+72576
+80212
+69654
+61144
+58938
+68720
+75952
+89264
+91910
+85436
+75152
+62902
+36702
+11892
-18436
-36210
-40720
-44472
-40306
-30724
-21216
-13014
-4080
-6826
-14146
-12586
-1560
+15516
+25964
+16966
-1916
-26180
-33268
-29492
-22010
-2470
+10750
+8088
+5184
+3948
+9634
+16156
+22374
+27522
+34164
+46438
+50270
+52464
+46890
+27870
+17858
+3950
-4048
+4524
+7566
+5540
-11614
-35662
-54384
-59878
-53020
-36762
-22248
-16792
-21540
-29618
-21782
-11056
+5390
+17750
+24554
+32074
+54790
+73812
+92670
+108690
+105186
+92758
+73980
+57090
+52914
+55590
+66556
+78424
+74312
+59818
+40050
+15862
+10620
+14116
+17596
+38608
+52714
+56352
+47850
+25200
+7040
-13278
-32226
-35928
-35624
-32152
-29776
-31794
-39674
-54776
-54466
-38888
-11628
+5542
+15486
+12214
+5740
+34
-11464
-17410
-18762
-17472
-15942
-3970
-4814
-11938
-20260
-29166
-34414
-26348
-8226
+6710
+15472
+18724
+3538
-1884
+7070
+11502
+15212
+25768
+25250
+19710
+23016
+29358
+34116
+23354
+10102
+4688
-10224
-21272
-14520
+2118
+31386
+45296
+61232
+62218
+51764
+41216
+55862
+71952
+75328
+65152
+57620
+53086
+33900
+17090
-1102
-14764
-32352
-30696
-13814
-4322
+3354
+1034
-14332
-28392
-40342
-29648
-7104
-106
+1690
-2084
-19718
-24370
-33104
-37938
-53486
-69604
-74956
-72510
-68556
-61638
-46294
-35112
-29042
-33390
-35908
-25102
-15768
-5970
+11964
+18654
+20806
+17760
+23142
+32166
+26048
+10260
-1040
-4284
+8114
+31566
+40880
+32198
+17104
+6536
-1512
+2442
+14368
+37494
+58290
+58034
+41280
+18586
+738
-6860
-14454
-18094
-32518
-52280
-67544
-66706
-65118
-55960
-40690
-28116
-9584
+10206
+29500
+41424
+60782
+73798
+72438
+63760
+54776
+54310
+45726
+33356
+26092
+3126
-5756
-6384
-5534
+12488
+18472
+23292
+15006
+1386
-1524
-6336
-20702
-31608
-37426
-48316
-60124
-66584
-81202
-89062
-93086
-106026
-112298
-117150
-116604
-110456
-85174
-50656
-23468
-10616
-146
+6822
+5960
+4174
+12700
+21932
+27996
+46168
+62924
+72378
+65008
+54930
+50324
+47052
+54958
+55664
+57038
+51836
+47994
+43032
+42512
+27846
+13780
+4244
-10200
-12396
-8154
-8894
-15420
-20172
-27478
-27986
-30386
-33238
-40008
-51378
-56266
-53888
-48134
-33976
-24846
-17270
-19408
-10910
+9398
+11556
+6198
+5758
+7274
+14448
+17892
+10764
-7148
-30210
-40876
-35166
-21832
-20208
-14298
-17252
-24018
-18366
-22664
-14688
-8544
+968
+16910
+29088
+35108
+44812
+40404
+38484
+26340
+13570
+19920
+28358
+41226
+54504
+61268
+58742
+47902
+36720
+27884
+25780
+22832
+19442
+15384
+2506
-5854
-3912
-9998
-23520
-30836
-34100
-39534
-51808
-51426
-55300
-66490
-71232
-79648
-82182
-85794
-94340
-83476
-64468
-50668
-38586
-30912
-15980
-4742
-1780
+4574
+8464
+18434
+23544
+21072
+24200
+28598
+29528
+36180
+37890
+34570
+33080
+34136
+43388
+58096
+72818
+72652
+57322
+48130
+44652
+50632
+60842
+61668
+60220
+47270
+40880
+29520
+29726
+44258
+54316
+56834
+51916
+25142
-5228
-11850
-10324
+1452
+2730
-3522
-15066
-31600
-41548
-44002
-48314
-54596
-70230
-72266
-66310
-61496
-54444
-58140
-70674
-79534
-82910
-69714
-61426
-51236
-49216
-43194
-28392
-15286
+13526
+43682
+58806
+69148
+63922
+50104
+30738
+16870
+16798
+21446
+23870
+26796
+29828
+37530
+43582
+46662
+60614
+70664
+68908
+51402
+35988
+27952
+27224
+20154
+14444
-4488
-26764
-48196
-58644
-54666
-47450
-31264
-15628
-13760
-15324
-15300
-4470
+12546
+25560
+38272
+38198
+33726
+25686
+32348
+39342
+39484
+39254
+36382
+34508
+32246
+30740
+35318
+33816
+27386
+29302
+32392
+30160
+39330
+43868
+40446
+37436
+25926
+23904
+24010
+25432
+17842
+8244
-1094
-13544
-20228
-23120
-30360
-26862
-18428
-17046
-16596
-22354
-25942
-28968
-43448
-40168
-41150
-32778
-16942
-5540
-4962
-7168
-9620
-15466
-2134
+9668
+20880
+28402
+23398
+19800
+19680
+24824
+30394
+24702
+11682
+7562
+5478
+22018
+33216
+34996
+22682
+7016
+2322
+3344
+28630
+46312
+48250
+40402
+24062
+22940
+23578
+32304
+34508
+32434
+25208
+12504
+1724
+404
+2384
-2392
-9934
-25108
-32802
-26810
-15028
+1192
+13878
+22888
+16936
+9092
+2586
+11008
+21560
+32156
+47832
+64294
+72646
+63930
+53624
+43382
+25876
-3052
-11334
-2054
+8886
+22718
+28750
+19114
-2488
-16226
-20914
-24520
-23716
-14640
-9414
-1032
+6172
+50
-2612
-14444
-26354
-26164
-9902
+20316
+37762
+39176
+41844
+32000
+16324
+13250
+6120
-1610
-2530
+2594
+17526
+29804
+38694
+44356
+48598
+54116
+68066
+81020
+97172
+103186
+92428
+73502
+41110
+17838
-1722
-14788
-16982
-15308
-19598
-40348
-52508
-57128
-41956
-21632
-14786
-12754
-24770
-24272
-10666
+8730
+30026
+39520
+41932
+41012
+36540
+24706
+16316
+12040
+10592
+8064
+8900
+9946
+10812
+1312
-11038
-26506
-39476
-39860
-31500
-23044
-15006
-15798
-28086
-35328
-33366
-16486
-10106
-5596
-13418
-31232
-54236
-74986
-62820
-35828
-11196
-3744
+4672
+10086
+23868
+40710
+48180
+51308
+63038
+69210
+78614
+83774
+82948
+85752
+79632
+80580
+90058
+98430
+100768
+86740
+64836
+45480
+42366
+56530
+63264
+66196
+52794
+30348
+14812
-1722
-7960
-484
+1646
-3766
-10658
-21652
-25556
-29816
-32588
-46608
-60038
-73464
-73494
-75864
-84068
-94342
-101612
-95546
-86054
-57528
-29218
-3842
-1952
-11370
-25710
-43464
-41738
-35080
-21292
-8538
-6128
+4974
+13926
+19594
+25682
+32354
+38234
+43290
+52380
+76524
+105340
+133014
+149890
+137374
+112658
+85902
+67400
+59494
+61988
+48466
+40152
+25780
+18634
+22000
+23312
+24882
+26292
+19024
-80
-9658
-21722
-27844
-21460
-22166
-22734
-21066
-13726
+2046
+21236
+32322
+28028
+18050
-4196
-13804
-22070
-24060
-28214
-31420
-33882
-22882
-5688
+4916
+4658
-4292
-6548
-14716
-14102
-10228
-9742
-15040
-24756
-35416
-52484
-53240
-48928
-37882
-27116
-17886
-11198
-6406
+4626
+19128
+23352
+24332
+23820
+19392
+16996
+17174
+16130
+10396
+1748
-3260
+784
+18146
+41638
+60122
+55054
+42772
+28958
+16752
+8256
+7956
-3086
-15218
-19904
-15990
-7298
-5054
-9982
-25748
-42084
-42920
-40800
-26572
-1408
+10086
+14878
+16172
+12710
-1062
-11872
-4760
+7522
+12634
+22048
+39226
+56696
+69224
+70528
+61038
+55172
+49566
+42264
+36654
+33236
+18596
-1506
-22280
-38506
-33276
-14932
-6202
-11730
-28414
-35260
-29770
-18208
-10300
-10826
-21042
-31836
-40968
-42588
-34384
-37876
-34226
-27514
-22534
-15818
-6328
-1552
+1602
+862
+5550
+13322
+29192
+48320
+49360
+43058
+31564
+19648
+22628
+39412
+51990
+64684
+69286
+67260
+54880
+37584
+26752
+22360
+20296
+26344
+38848
+45828
+35924
+23948
+10358
-666
-5410
-5050
+2484
+2634
-2418
-5082
-7892
-2692
+4870
+7302
+5084
-4280
-17040
-18020
-13374
-11448
-2530
+15026
+21688
+22428
+17706
+13070
+9876
+5564
-2022
-8360
-17522
-28804
-27534
-27394
-26088
-34978
-42318
-39292
-31826
-14452
-10300
-14098
-24346
-29288
-20848
-13500
-6948
-8660
-15762
-19406
-20726
-24084
-13756
+2064
+23764
+39142
+51594
+62052
+63036
+62990
+62372
+67126
+66180
+62490
+61964
+62204
+59076
+60508
+56196
+40322
+26158
+31212
+43478
+43462
+34974
+17536
+2926
-11634
-22194
-24898
-32076
-35232
-36812
-42174
-49936
-54394
-56500
-60684
-56974
-40782
-26034
-14404
-9052
-8998
-2722
+152
+7364
+17900
+28798
+25878
+11314
+9272
+14418
+13842
+8456
+3244
+8576
+7170
+1226
+166
+2126
+8722
+19030
+30418
+31270
+21382
+8348
-3042
+2450
+15738
+17730
+13728
+5130
-1368
-5572
-686
-860
-4224
-11510
-88
+8684
+7430
-3968
-13468
-24260
-29760
-21918
-14056
-5068
-4436
-9350
-12562
-12086
-12848
-15214
-16596
-9008
+3752
+13534
+10720
+5066
+4102
+2122
-3046
-12154
-19866
-33462
-44406
-55022
-48940
-36756
-31300
-29716
-32284
-29470
-26550
-24952
-30094
-22376
-7582
+3148
+12774
+9456
+6334
+3912
-2004
-3572
-3326
-11332
-14442
-14466
-11204
+2792
+8320
+6868
-1678
-12234
-14234
-2256
+21198
+42418
+60638
+59664
+47474
+38958
+25102
+20902
+17740
+19848
+29932
+32876
+32858
+31490
+19760
-320
-9516
-7266
+1848
+9666
+10466
+4326
-1566
-16010
-20682
-20498
-21606
-24328
-22472
-28714
-39898
-43306
-50048
-55304
-64002
-74022
-84876
-73854
-54092
-41280
-30282
-12578
-2246
-10136
-19640
-16146
-13334
-8282
-5002
+2838
+7284
+3426
+6310
+822
-5108
-4472
+4694
+18234
+32232
+43588
+56050
+50112
+49200
+50078
+52162
+56604
+55248
+48666
+39016
+25966
+20064
+10454
+2876
-7172
-20052
-33196
-48700
-50892
-39548
-32268
-12946
+3714
+11312
+8056
+8448
+11264
+13974
+12018
+5724
-9476
-21854
-31032
-36270
-33262
-19770
-14136
-7370
-712
+40
+492
+1488
-4322
-7680
-2220
+6810
+13022
+8698
-1546
-24848
-35382
-38196
-29528
-14596
-12420
-15578
-32988
-41468
-56346
-62740
-49346
-33506
-15614
-5060
-4778
-6854
-11806
-18550
-15980
-8018
+3154
+4956
+10364
+11094
+6952
+3854
-4150
-11174
-20346
-22164
-24678
-21978
-18986
-3780
+8984
+17500
+16504
+11928
+14074
+14300
+16046
+17362
+32816
+38150
+40942
+40410
+21924
+14138
+8212
+6738
+11690
+11250
+17166
+25318
+35994
+37446
+37990
+31818
+25988
+12512
-11264
-30718
-47338
-59934
-64384
-62820
-60138
-58336
-54950
-55636
-48880
-46572
-57818
-61144
-60294
-58752
-46160
-39730
-33368
-30410
-27436
-29130
-26294
-20280
-14980
-2858
+6634
+24100
+38082
+39624
+39096
+31442
+26384
+24902
+25714
+37778
+47632
+47268
+30384
+18896
-1846
-17738
-21722
-22536
-20030
-23200
-26794
-31496
-38200
-35856
-37556
-48940
-55790
-51150
-43028
-32762
-21808
-5994
-7806
-9318
-5600
-6710
-8188
+2768
+15048
+26882
+37224
+43810
+36060
+27552
+11082
-892
-968
+2046
+6736
+19424
+21814
+23644
+13248
+1778
-6168
-18048
-17048
-3150
+8030
+12290
+6
-14294
-22970
-31354
-39044
-49046
-50268
-57500
-62010
-56112
-60198
-68224
-74172
-72104
-63456
-47402
-26708
-7502
-4590
-1742
+1812
+14760
+18646
+12770
+9326
+5614
+5862
+15454
+28406
+32434
+28352
+12156
-8822
-23380
-24824
-8754
+19984
+33390
+37028
+49234
+35208
+22018
+16894
+9300
+5186
+6774
+5864
+3826
-406
-9288
-20308
-34874
-46868
-53672
-54372
-51344
-42538
-28874
-16044
-15864
-10320
-13750
-14756
-11994
-14510
-18196
-15610
-6008
+7912
+12498
+1072
-10612
-15964
-13864
-4014
+3054
+10182
+16216
+12056
+6688
+7820
+9702
+18546
+26322
+25430
+18526
+18690
+18806
+7854
+108
-13770
-22678
-33490
-24224
-17720
-11410
-9084
-12320
-14646
-18764
-16768
-1008
+8494
+16012
+18976
+12444
+8962
+7110
+11198
+9692
+8604
+8534
+10134
+13412
+17056
+19014
+15710
+8556
+4140
-4526
-5348
-3632
+12272
+15618
+14650
+14794
-1614
-12964
-14550
-14764
-23948
-31698
-41140
-45314
-47898
-49338
-46214
-50806
-56490
-60692
-57024
-50844
-44706
-37530
-28588
-22872
-25380
-29566
-37022
-37846
-38266
-33730
-23650
-9452
+4134
+10298
+10446
+5000
+11134
+13124
+23028
+35902
+39864
+46266
+48106
+45496
+45324
+41984
+31232
+30216
+32492
+33176
+30466
+28904
+33014
+34840
+32164
+29410
+21746
+14644
+5358
+1874
-9234
-25684
-33426
-43134
-48502
-45920
-51260
-63484
-73922
-76160
-68092
-57978
-49098
-45792
-50158
-59884
-61534
-48776
-41020
-39254
-38644
-35518
-30764
-24960
-19768
-6516
+3680
+15332
+24236
+32084
+29878
+24362
+24600
+31410
+40224
+46230
+44092
+38004
+41330
+37704
+28812
+21336
+9930
+11298
+17596
+19324
+22942
+16902
+2334
-8854
-7098
-3756
-1488
-4236
-11828
-13926
-20360
-15182
-10112
-5350
-4806
-11646
-12194
-2908
+2786
+7738
+11024
+12014
+14766
+22548
+30528
+37154
+41498
+35592
+33598
+34816
+35902
+35450
+28002
+21026
+9340
-7110
-19434
-24488
-22146
-13888
-8200
-12254
-15952
-19602
-24702
-26958
-25348
-28496
-32306
-31460
-31238
-32364
-31766
-30956
-32440
-31116
-23478
-22632
-14724
-1122
+4014
+13736
+16702
+30190
+33646
+29754
+29628
+30256
+34160
+29860
+31086
+31876
+47718
+51508
+47718
+42928
+27436
+16466
+7634
+7394
+8424
+3904
+2302
-5738
+170
+494
-6556
-9370
-17220
-14020
-13842
-14268
-16378
-14658
-10988
-13956
-20578
-23142
-23154
-13270
-6264
+3044
+13146
+14166
+15644
+15304
+19574
+16410
+15484
+13858
+14630
+14160
+19090
+25030
+26204
+24918
+17778
+18310
+20020
+24544
+33436
+33926
+31398
+24762
+21816
+20692
+17670
+12164
+15830
+9246
-4180
-9002
-16742
-21108
-27586
-28492
-33116
-38762
-38750
-35652
-27566
-12702
-4938
-6174
-7742
-8520
-8300
-12396
-12114
-15272
-15782
-20058
-26052
-24084
-26188
-25164
-28926
-25266
-19838
-19316
-16278
-6030
-3802
+1614
+13908
+20908
+23324
+28218
+43442
+51348
+66110
+66530
+66452
+67726
+68204
+76492
+72706
+68756
+53260
+48954
+43236
+41798
+33100
+39520
+33638
+23234
+16930
+12434
+6886
-4164
-7698
-18370
-19430
-15958
-12948
-25098
-26860
-38684
-54588
-71904
-83406
-85276
-83734
-75350
-67612
-53998
-48308
-47614
-37710
-23324
-17370
-13544
-19730
-23218
-12684
-7272
-1268
+12830
+17712
+10576
-774
-1552
-8306
-7692
+256
+11506
+25708
+29244
+31330
+23908
+18286
+15272
+25200
+30210
+32356
+34296
+36518
+34494
+30640
+25568
+22770
+16240
+11936
+9948
+13688
+20114
+29540
+39570
+47544
+42972
+34642
+33394
+27852
+20460
+12606
+12134
+13756
+12814
+8408
-1888
-8702
-14716
-20264
-28572
-28030
-31286
-31296
-22466
-19592
-18938
-20410
-20580
-18420
-22644
-14286
-1582
+2108
-3298
-2788
-7896
-13046
-10634
-9178
+4056
+14174
+18570
+20304
+16044
+10414
+8504
+8598
+7640
+1702
-3620
-5594
-886
+7108
+15088
+25328
+21918
+21960
+16658
+11832
+11066
+7132
+4042
-2944
-9252
-7306
-3048
+6486
+14444
+7578
+4228
-1130
-310
+10612
+18240
+28924
+30242
+36844
+38928
+41340
+39584
+29576
+15552
-196
-7932
-13370
-16600
-12340
-6092
-12848
-14498
-16480
-18030
-17632
-12804
-5358
+362
+4200
+9612
+13372
+10190
+4642
+3440
-2094
-6612
-6114
+1202
+4268
+6130
+5986
+1600
-1354
+3502
+4004
+10458
+18226
+23580
+27484
+27368
+28094
+26144
+24118
+19470
+17476
+13426
+11572
+11962
+13296
+10490
+6734
+2714
-12526
-27198
-23970
-16586
-6354
+8526
+9428
+12708
+17754
+12268
+2442
-4104
-4190
-7126
-5810
-2112
+5100
+3266
-7448
-13262
-9920
-9676
-10762
-8324
-16026
-23678
-35242
-29418
-13702
-5696
+8118
+16020
+18204
+8116
+11106
+19244
+18226
+22278
+27018
+22504
+20280
+15772
+4816
-6452
-12610
-21562
-26434
-35400
-31976
-22220
-14804
-14496
-10670
-2844
+354
-1420
-5650
-11746
-20172
-14652
-7108
+4660
+9318
+5306
+558
-7742
-19230
-20152
-12610
-1352
+12056
+26240
+36386
+42930
+37036
+30706
+21466
+22578
+29768
+37802
+39016
+34008
+29626
+23286
+12750
-4800
-9728
+3038
+15146
+24758
+32004
+28122
+13250
-1278
-4994
-11984
-13654
-15286
-19020
-17212
-25984
-30874
-25546
-33486
-33460
-36170
-38340
-40804
-38080
-29724
-34836
-41684
-37138
-29272
-28272
-29404
-30620
-30506
-27424
-15766
+1482
+15754
+6778
-1462
-19554
-25054
-19256
-12574
-2542
+3954
+8444
+6260
+7382
+6156
+6938
+11922
+16566
+28804
+36654
+36490
+45266
+44842
+37092
+32804
+22856
+15758
+16040
+14744
+4100
-3300
-13400
-7174
-2978
-1692
+7040
+7354
-2454
-9154
-12096
-8896
-7776
-6000
-7008
-15524
-26696
-33894
-29856
-21420
-18556
-15790
-16414
-26266
-31608
-34318
-40806
-46170
-42712
-31556
-26684
-31878
-38240
-40824
-45582
-45412
-39164
-26522
-21806
-21556
-19286
-19932
-16114
-13748
-3552
+4474
+438
-8434
-19186
-22340
-9178
+7214
+13164
+7708
+4382
-3102
-14574
-12226
-11272
-2262
+1430
-158
+7686
+5368
-1012
-856
+1166
-2716
-9226
-6144
-1984
-762
-3014
-1648
-2956
-15422
-29932
-35122
-37660
-34800
-37468
-35610
-24328
-20458
-22908
-17324
-27286
-26742
-19414
-15982
-7370
+1574
+2368
-5284
-11704
-18736
-21866
-17124
-21852
-23548
-15110
-15486
-20682
-19272
-17446
-13906
-13444
-6062
-7088
-5200
-388
-9060
-2070
+4432
+9996
+7032
+4292
-8438
-17692
-23170
-22584
-18660
-19078
-21206
-18434
-13692
-18782
-23366
-30264
-36524
-39240
-31728
-23058
-18710
-21378
-20180
-20602
-22920
-26962
-15996
-13876
-14362
-1336
+6808
+8232
+9810
+13022
+20222
+21122
+24138
+22762
+28770
+25856
+26304
+23794
+17100
+13090
+11526
+16096
+8188
+2652
-2528
-4844
-7530
-1692
-356
-2732
-3340
-9416
-25146
-34500
-37830
-41300
-38288
-31992
-27396
-21068
-13348
-12608
-18004
-12418
-9746
-9396
-4610
-1392
-626
-4542
-13522
-24790
-25050
-23810
-20068
-18830
-14488
-9312
-12122
-10132
-6472
+1684
-2272
-11032
-11362
-11986
-8146
-12564
-7554
-1228
-1700
-8190
-14064
-10660
-7492
+5090
+14144
+14672
+12988
+13044
+14044
+13982
+9974
+9120
+18636
+19276
+19644
+18750
+18442
+6964
+688
-3222
-12816
-11702
-17516
-14370
-22178
-33268
-26256
-22424
-28354
-32026
-34878
-36150
-40556
-36108
-39818
-25588
-18244
-18570
-23312
-29632
-22414
-9628
-4208
+1700
-3654
-8182
-5900
-1292
+5118
+19380
+18442
+8188
+6536
-6778
-9794
-2126
+5766
+8910
+11940
+12352
+11302
+8244
+11734
+12488
+8584
+3334
-3094
-9288
-13300
-18058
-17260
-21790
-22876
-21378
-18918
-13528
-11054
-10402
-9326
-10728
-14948
-15524
-9120
-9876
-13408
-12524
-17194
-7740
-170
+4436
-102
-3828
+582
-412
+11456
+9880
+1072
-1802
-5292
-9622
-6160
-6792
-8044
-10842
-3440
+240
+338
+3008
+3582
-590
-118
+3258
+7432
+6016
+1938
-5874
-17320
-18778
-20184
-26704
-32148
-35230
-33206
-27424
-30662
-34750
-24480
-15102
-11350
-10830
-6132
-11992
-9454
-5416
+1176
+10288
+7430
+2024
-10366
-19910
-14288
-7010
+1176
+5238
+12238
+21794
+18104
+15074
+12800
+11066
+9778
+12560
+15298
+26662
+26640
+16412
+8376
-2372
-10054
-14904
-11434
-14328
-12068
-14294
-24482
-25310
-22102
-7180
-3080
+38
+4452
+9710
+6744
+8372
+11916
+8144
+10862
+7378
+9590
+18530
+19626
+11546
+5294
+1606
+1828
+6114
+8480
+13702
+21224
+18348
+10852
-2268
-20294
-24258
-29782
-36078
-34292
-38956
-42062
-50024
-56658
-60510
-60356
-57106
-50110
-36588
-33156
-18918
-17144
-24562
-24706
-19152
-7546
+3188
+9958
+15766
+17466
+18132
+13354
+17390
+17836
+16020
+22144
+26872
+24426
+22112
+23296
+24226
+34770
+36004
+36380
+39498
+41244
+38154
+34756
+31558
+29268
+24904
+18776
+4812
-352
-9422
-11836
-14710
-12882
-12726
-11144
-6432
-7564
-13960
-4302
-1720
-944
+280
-2236
-7704
-17544
-21102
-16206
-17726
-20646
-20822
-23602
-33008
-38900
-38500
-36324
-24706
-7194
+5884
+11470
+10666
+3134
-1414
-344
+8690
+18256
+17974
+8740
+4380
+4822
+2644
-388
+2080
+3386
+11842
+13876
+11818
+11482
+7234
+16470
+16726
+19380
+18188
+16188
+14156
+11286
+8048
+3434
+3216
+3212
+5774
+3664
+10134
+12870
+8030
+7996
+11048
+13098
+16394
+20042
+20756
+15188
+1322
-12010
-13454
-5554
-3104
+1200
+6660
+3032
+2512
+2470
+3876
+5686
+6336
+12440
+15152
+4506
+1772
-6304
-16774
-17254
-17296
-17002
-28714
-39752
-50254
-45862
-35028
-28012
-21056
-18510
-13624
-6486
-9388
-16848
-15422
-13878
-8970
-6418
-4220
-6350
-15946
-17802
-17622
-10566
-6038
+292
-3946
-7820
-6148
+516
+14330
+26810
+35040
+36370
+34680
+30932
+32402
+41454
+43436
+44916
+47728
+47386
+39318
+28078
+19176
+14308
+15412
+8790
+6374
-282
-2620
-824
+1432
+1530
+1864
-98
+196
-1676
+876
+8452
+4956
-4256
-17982
-29660
-34952
-46316
-58926
-62916
-59562
-51892
-42864
-40684
-38962
-41346
-33878
-25652
-15870
-16170
-9960
-3892
+2946
+10722
+17420
+19238
+19092
+17988
+18406
+19494
+11092
+5930
+13772
+19024
+22700
+23072
+24044
+17410
+17522
+12372
+11434
+15330
+9880
+12252
+10168
+4742
+6122
+6888
-9288
-15418
-17804
-26620
-28220
-23414
-23680
-21888
-26852
-25362
-19230
-12062
-1244
-4
+2256
+3010
+10468
+11358
+13458
+14630
+15470
+16946
+13460
+9596
+4994
-1902
+610
-1868
-13118
-18618
-19940
-21246
-30492
-31180
-32768
-33066
-28938
-29692
-28024
-24530
-25540
-31724
-32196
-33926
-34734
-32220
-22308
-18088
-17408
-18184
-13130
-8258
-4760
-4406
+2368
+5300
+4622
+9812
+18396
+20214
+24848
+31992
+27686
+22904
+20740
+9042
+6368
+6936
-2192
-7004
-9274
-13814
-13368
-8072
-16510
-16176
-16922
-19164
-24644
-23638
-16464
-15418
-14912
-13952
-10452
-5216
-1958
-1918
+4950
+11868
+9628
+11052
+11288
+9546
+7824
+7176
+6068
+9784
+4970
-4768
-6086
-782
+3040
+1558
-1008
-928
-6090
-15384
-13976
-25176
-35058
-35942
-31456
-31502
-34420
-34004
-38284
-37338
-33916
-22786
-18374
-15696
-16746
-16852
-13200
-4004
+2128
+8144
+12366
+12458
+15246
+13108
+12228
+15720
+21804
+26338
+22492
+24898
+20936
+22202
+16628
+10644
+11592
+17708
+20496
+21006
+26152
+29164
+27348
+18196
+10712
+892
+714
+1250
-254
-7248
-12820
-26736
-33936
-40832
-41654
-34484
-29304
-20536
-18816
-19362
-25286
-20958
-16346
-17812
-14788
-16768
-16262
-14892
-8818
+8020
+13614
+13396
+12272
+4858
+6792
+12148
+14962
+21776
+19216
+14982
+8862
+1712
-2610
-3432
-4194
-3854
+2320
+10574
+21118
+21224
+9738
-1486
-6240
+268
-862
-2728
-1142
-596
+2170
+3740
+418
+692
+7288
+14752
+20770
+26192
+30202
+31736
+27244
+22936
+18460
+14364
+5462
+2726
+4908
+5008
+2008
-1382
-3776
-7464
+4164
+14148
+19018
+18712
+11568
+3096
-1758
-3098
-11754
-16802
-18730
-16502
-13942
-7648
-5790
-12262
-13544
-17012
-25940
-29258
-21770
-22310
-16616
-8280
-3174
+1172
+5382
+6438
+11436
+18416
+23642
+25608
+20502
+19166
+16922
+16238
+16072
+19988
+18202
+19802
+24370
+35186
+39584
+38258
+37984
+35522
+41252
+44350
+42658
+41740
+39338
+34526
+30136
+19150
+17190
+15226
+15200
+14420
+16250
+17624
+16858
+13956
+16282
+11992
+8348
+9362
+6848
+2336
+6288
+6214
+6826
+666
-450
-922
-3428
+5804
+7472
+15302
+28278
+25084
+23902
+26378
+27202
+21070
+19440
+19558
+18980
+13112
+10026
+7586
+5196
-3796
-8148
-16176
-18514
-12504
-18432
-10220
-5378
+200
+4752
+8790
+3222
-4020
-8086
-9736
-582
+7728
+6590
+7082
+4870
-640
-10544
-7092
+502
+8812
+22472
+31050
+25876
+25800
+31100
+34866
+35500
+29060
+26284
+30412
+33348
+32630
+29636
+21346
+13616
+8718
+5812
+10496
+13868
+18920
+15394
+10786
+13654
+6168
+6694
+5074
-3756
+2884
+3858
+6970
+10600
+6480
+1222
-5422
-9110
-10542
-7588
+1420
+14240
+15186
+9716
+11662
+11976
+16474
+12242
+8424
+2958
-3076
+1266
+4250
+9008
+9650
+2148
+8024
+2372
+8598
+17134
+18362
+19802
+14350
+6456
+1342
+4606
+7330
+3100
+1512
-6082
-7958
-12564
-15926
-17884
-19586
-16316
-13856
-3826
-1514
-5456
-1870
+1218
+516
+2086
-838
-4544
-7274
-10480
-14314
-12222
-13386
-16268
-10890
-5406
+274
-822
+5802
+15526
+16270
+16902
+23654
+23702
+18138
+15018
+16596
+13890
+18894
+25000
+19550
+8542
+734
-3484
-8258
-11538
-1112
+4554
+10694
+12042
+10550
+9640
+7916
+6264
+5872
+9844
+12442
+8636
+7678
+6140
+5484
+8034
+4086
-1546
-2142
-10470
-14478
-8266
-8502
-13670
-19120
-17124
-14690
-9372
-1504
+8070
+6880
+5680
+1890
+522
-5434
-2924
+1672
+4806
+9606
+5044
+6814
+1172
+13498
+25742
+30366
+25686
+18532
+24146
+31022
+32450
+29786
+23040
+18650
+14160
+13384
+16362
+16782
+14144
+14776
+20788
+18198
+24830
+24618
+16566
+16810
+9396
-2360
-5260
-3254
-3534
-5574
+214
-614
-6990
-9636
-17832
-15996
-7290
+2242
+6868
+5888
+3106
-5410
-7178
-10498
-8358
-260
+7074
+6966
