32767,
32765,
32755,
32738,
32712,
32676,
32629,
32569,
32495,
32407,
32302,
32178,
32035,
31872,
31685,
31474,
31238,
30974,
30681,
30357,
30000,
29610,
29184,
28721,
28218,
27676,
27091,
26464,
25791,
25073,
24308,
23494,
22632,
21720,
20758,
19744,
18680,
17565,
16399,
15182,
13916,
12600,
11237,
9828,
8375,
6879,
5343,
3771,
2165,
528,
-1134,
-2819,
-4521,
-6235,
-7955,
-9676,
-11392,
-13096,
-14781,
-16440,
-18065,
-19649,
-21183,
-22659,
-24069,
-25403,
-26655,
-27813,
-28871,
-29820,
-30650,
-31355,
-31925,
-32354,
-32635,
-32761,
-32727,
-32526,
-32156,
-31612,
-30892,
-29996,
-28922,
-27671,
-26247,
-24652,
-22892,
-20973,
-18903,
-16692,
-14350,
-11891,
-9328,
-6677,
-3955,
-1180,
1629,
4450,
7263,
10044,
12770,
15417,
17962,
20380,
22647,
24739,
26635,
28310,
29746,
30923,
31822,
32430,
32734,
32722,
32388,
31729,
30742,
29431,
27803,
25868,
23640,
21137,
18383,
15401,
12223,
8881,
5411,
1853,
-1753,
-5362,
-8928,
-12407,
-15752,
-18915,
-21852,
-24518,
-26873,
-28877,
-30496,
-31699,
-32461,
-32763,
-32592,
-31940,
-30809,
-29207,
-27149,
-24660,
-21770,
-18518,
-14950,
-11118,
-7082,
-2904,
1347,
5600,
9782,
13817,
17633,
21156,
24319,
27057,
29313,
31035,
32183,
32725,
32641,
31922,
30571,
28605,
26054,
22961,
19380,
15378,
11034,
6433,
1670,
-3153,
-7932,
-12560,
-16932,
-20944,
-24500,
-27511,
-29899,
-31597,
-32555,
-32740,
-32136,
-30745,
-28590,
-25715,
-22180,
-18067,
-13472,
-8508,
-3299,
2022,
7313,
12433,
17240,
21598,
25381,
28475,
30784,
32232,
32766,
32357,
31005,
28738,
25610,
21703,
17126,
12008,
6500,
767,
-5014,
-10662,
-15995,
-20840,
-25032,
-28427,
-30903,
-32367,
-32757,
-32046,
-30245,
-27403,
-23604,
-18969,
-13651,
-7829,
-1705,
4505,
10576,
16285,
21418,
25777,
29190,
31518,
32658,
32555,
31196,
28621,
24916,
20214,
14692,
8561,
2062,
-4546,
-10992,
-17008,
-22339,
-26755,
-30058,
-32096,
-32768,
-32029,
-29896,
-26447,
-21821,
-16210,
-9854,
-3032,
3951,
10779,
17134,
22719,
27262,
30541,
32387,
32696,
31439,
28658,
24475,
19080,
12725,
5718,
-1598,
-8859,
-15694,
-21753,
-26714,
-30312,
-32345,
-32691,
-31315,
-28273,
-23711,
-17860,
-11024,
-3566,
4112,
11587,
18442,
24289,
28788,
31672,
32761,
31977,
29345,
25002,
19185,
12223,
4517,
-3481,
-11296,
-18453,
-24514,
-29098,
-31911,
-32761,
-31580,
-28422,
-23468,
-17014,
-9460,
-1277,
7011,
14870,
21783,
27288,
31010,
32686,
32187,
29527,
24867,
18505,
10862,
2451,
-6152,
-14353,
-21574,
-27299,
-31112,
-32724,
-32003,
-28979,
-23853,
-16979,
-8846,
-40,
8793,
16996,
23952,
29127,
32115,
32672,
30735,
26432,
20077,
12147,
3247,
-5930,
-14665,
-22258,
-28097,
-31698,
-32754,
-31159,
-27022,
-20661,
-12583,
-3443,
6007,
14979,
22714,
28550,
31976,
32681,
30583,
25842,
18849,
10197,
629,
-9017,
-17890,
-25194,
-30264,
-32628,
-32053,
-28568,
-22470,
-14298,
-4790,
5185,
14701,
22867,
28904,
32227,
32502,
29680,
24008,
16012,
6449,
-3763,
-13632,
-22186,
-28574,
-32145,
-32526,
-29654,
-23796,
-15522,
-5655,
4811,
14809,
23306,
29413,
32480,
32166,
28479,
21785,
12772,
2381,
-8288,
-18091,
-25967,
-31050,
-32767,
-30910,
-25656,
-17563,
-7508,
3405,
13961,
22973,
29415,
32540,
31971,
27748,
20332,
10557,
-462,
-11450,
-21125,
-28342,
-32235,
-32322,
-28567,
-21395,
-11642,
-468,
10787,
20755,
28212,
32229,
32289,
28361,
20905,
10830,
-622,
-12019,
-21922,
-29067,
-32528,
-31840,
-27064,
-18790,
-8069,
3723,
15052,
24432,
30616,
32767,
30578,
24310,
14779,
3244,
-8751,
-19585,
-27777,
-32194,
-32208,
-27790,
-19524,
-8534,
3666,
15377,
24951,
31028,
32725,
29776,
22575,
12127,
-84,
-12306,
-22768,
-29938,
-32749,
-30764,
-24248,
-14136,
-1909,
10625,
21594,
29343,
32687,
31093,
24777
