32767,
32765,
32753,
32730,
32693,
32637,
32559,
32455,
32319,
32147,
31933,
31672,
31358,
30985,
30548,
30040,
29454,
28785,
28027,
27173,
26218,
25157,
23985,
22697,
21291,
19764,
18113,
16340,
14445,
12429,
10298,
8057,
5713,
3276,
759,
-1826,
-4461,
-7128,
-9806,
-12471,
-15099,
-17661,
-20129,
-22471,
-24655,
-26648,
-28417,
-29928,
-31148,
-32047,
-32596,
-32767,
-32540,
-31895,
-30820,
-29310,
-27364,
-24990,
-22207,
-19038,
-15518,
-11692,
-7612,
-3341,
1052,
5487,
9880,
14141,
18178,
21896,
25203,
28008,
30229,
31791,
32631,
32702,
31973,
30433,
28094,
24988,
21173,
16731,
11767,
6409,
802,
-4891,
-10494,
-15827,
-20709,
-24961,
-28421,
-30944,
-32412,
-32739,
-31880,
-29829,
-26631,
-22375,
-17198,
-11284,
-4853,
1839,
8514,
14883,
20655,
25554,
29332,
31783,
32755,
32163,
29994,
26317,
21278,
15103,
8089,
587,
-7007,
-14277,
-20809,
-26212,
-30148,
-32351,
-32649,
-30978,
-27397,
-22083,
-15335,
-7554,
776,
9115,
16904,
23599,
28712,
31852,
32752,
31300,
27552,
21737,
14251,
5629,
-3485,
-12387,
-20366,
-26760,
-31017,
-32742,
-31741,
-28045,
-21920,
-13851,
-4512,
5287,
14669,
22767,
28807,
32185,
32529,
29752,
24067,
15980,
6255,
-4156,
-14204,
-22844,
-29149,
-32412,
-32231,
-28566,
-21759,
-12509,
-1810,
9153,
19128,
26946,
31656,
32651,
29750,
23241,
13861,
2722,
-8814,
-19298,
-27378,
-31974,
-32435,
-28636,
-21014,
-10536,
1422,
13244,
23292,
30135,
32758,
30724,
24259,
14236,
2076,
-10448,
-21467,
-29293
